Sample	total_passed	total_failed	secondary_passed	secondary_failed	supplementary_passed	supplementary_failed	duplicates_passed	duplicates_failed	mapped_passed	mapped_failed	mapped_passed_pct	mapped_failed_pct	paired in sequencing_passed	paired in sequencing_failed	read1_passed	read1_failed	read2_passed	read2_failed	properly paired_passed	properly paired_failed	properly paired_passed_pct	properly paired_failed_pct	with itself and mate mapped_passed	with itself and mate mapped_failed	singletons_passed	singletons_failed	singletons_passed_pct	singletons_failed_pct	with mate mapped to a different chr_passed	with mate mapped to a different chr_failed	with mate mapped to a different chr (mapQ >= 5)_passed	with mate mapped to a different chr (mapQ >= 5)_failed	flagstat_total
C16	1850	0	0	0	0	0	0	0	1312	0	70.92	nan	1850	0	925	0	925	0	1064	0	57.51	nan	1126	0	186	0	10.05	nan	38	0	17	0	1850
C25	1672	0	0	0	0	0	0	0	1244	0	74.4	nan	1672	0	836	0	836	0	1040	0	62.2	nan	1086	0	158	0	9.45	nan	16	0	7	0	1672
C66	1274	0	0	0	0	0	0	0	1129	0	88.62	nan	1274	0	637	0	637	0	1002	0	78.65	nan	1040	0	89	0	6.99	nan	12	0	8	0	1274
C71	432	0	0	0	0	0	0	0	370	0	85.65	nan	432	0	216	0	216	0	324	0	75.0	nan	336	0	34	0	7.87	nan	4	0	3	0	432
C72	454	0	0	0	0	0	0	0	365	0	80.4	nan	454	0	227	0	227	0	316	0	69.6	nan	328	0	37	0	8.15	nan	6	0	6	0	454
D1	5722134	0	0	0	0	0	0	0	3904535	0	68.24	nan	5722134	0	2861067	0	2861067	0	2972908	0	51.95	nan	3114262	0	790273	0	13.81	nan	79910	0	31681	0	5722134
D10	40560	0	0	0	0	0	0	0	28420	0	70.07	nan	40560	0	20280	0	20280	0	21972	0	54.17	nan	23218	0	5202	0	12.83	nan	714	0	276	0	40560
D11	24028	0	0	0	0	0	0	0	15889	0	66.13	nan	24028	0	12014	0	12014	0	12220	0	50.86	nan	12940	0	2949	0	12.27	nan	414	0	186	0	24028
D12	31224	0	0	0	0	0	0	0	20976	0	67.18	nan	31224	0	15612	0	15612	0	16080	0	51.5	nan	17028	0	3948	0	12.64	nan	530	0	210	0	31224
D13	85348	0	0	0	0	0	0	0	60565	0	70.96	nan	85348	0	42674	0	42674	0	46968	0	55.03	nan	49610	0	10955	0	12.84	nan	1526	0	670	0	85348
D14	4412	0	0	0	0	0	0	0	1568	0	35.54	nan	4412	0	2206	0	2206	0	1208	0	27.38	nan	1286	0	282	0	6.39	nan	42	0	21	0	4412
D15	245564	0	0	0	0	0	0	0	163311	0	66.5	nan	245564	0	122782	0	122782	0	121030	0	49.29	nan	131898	0	31413	0	12.79	nan	4850	0	2304	0	245564
D16	114986	0	0	0	0	0	0	0	78482	0	68.25	nan	114986	0	57493	0	57493	0	61182	0	53.21	nan	64336	0	14146	0	12.3	nan	1836	0	843	0	114986
D17	74454	0	0	0	0	0	0	0	52415	0	70.4	nan	74454	0	37227	0	37227	0	40374	0	54.23	nan	42860	0	9555	0	12.83	nan	1378	0	680	0	74454
D18	145254	0	0	0	0	0	0	0	103009	0	70.92	nan	145254	0	72627	0	72627	0	79658	0	54.84	nan	84358	0	18651	0	12.84	nan	2638	0	1287	0	145254
D19	52372	0	0	0	0	0	0	0	37038	0	70.72	nan	52372	0	26186	0	26186	0	28582	0	54.57	nan	30158	0	6880	0	13.14	nan	912	0	494	0	52372
D2	6481254	0	0	0	0	0	0	0	4413817	0	68.1	nan	6481254	0	3240627	0	3240627	0	3354070	0	51.75	nan	3516348	0	897469	0	13.85	nan	91368	0	36444	0	6481254
D20	95210	0	0	0	0	0	0	0	67540	0	70.94	nan	95210	0	47605	0	47605	0	52106	0	54.73	nan	55264	0	12276	0	12.89	nan	1868	0	910	0	95210
D21	19932	0	0	0	0	0	0	0	13874	0	69.61	nan	19932	0	9966	0	9966	0	10650	0	53.43	nan	11262	0	2612	0	13.1	nan	266	0	124	0	19932
D22	69640	0	0	0	0	0	0	0	49101	0	70.51	nan	69640	0	34820	0	34820	0	38060	0	54.65	nan	40092	0	9009	0	12.94	nan	1144	0	555	0	69640
D23	171084	0	0	0	0	0	0	0	120944	0	70.69	nan	171084	0	85542	0	85542	0	93404	0	54.6	nan	98516	0	22428	0	13.11	nan	2664	0	1286	0	171084
D24	351696	0	0	0	0	0	0	0	244984	0	69.66	nan	351696	0	175848	0	175848	0	179752	0	51.11	nan	196728	0	48256	0	13.72	nan	7318	0	3299	0	351696
D25	53848	0	0	0	0	0	0	0	39116	0	72.64	nan	53848	0	26924	0	26924	0	31584	0	58.65	nan	32868	0	6248	0	11.6	nan	524	0	245	0	53848
D26	30580	0	0	0	0	0	0	0	21833	0	71.4	nan	30580	0	15290	0	15290	0	17532	0	57.33	nan	18442	0	3391	0	11.09	nan	430	0	150	0	30580
D27	83700	0	0	0	0	0	0	0	58908	0	70.38	nan	83700	0	41850	0	41850	0	45428	0	54.27	nan	48066	0	10842	0	12.95	nan	1586	0	750	0	83700
D28	51356	0	0	0	0	0	0	0	35985	0	70.07	nan	51356	0	25678	0	25678	0	27814	0	54.16	nan	29384	0	6601	0	12.85	nan	852	0	385	0	51356
D29	27840	0	0	0	0	0	0	0	19245	0	69.13	nan	27840	0	13920	0	13920	0	14882	0	53.46	nan	15732	0	3513	0	12.62	nan	454	0	208	0	27840
D3	26534	0	0	0	0	0	0	0	18104	0	68.23	nan	26534	0	13267	0	13267	0	13788	0	51.96	nan	14620	0	3484	0	13.13	nan	452	0	216	0	26534
D30	139378	0	0	0	0	0	0	0	98998	0	71.03	nan	139378	0	69689	0	69689	0	76474	0	54.87	nan	80698	0	18300	0	13.13	nan	2418	0	1113	0	139378
D31	31600	0	0	0	0	0	0	0	22369	0	70.79	nan	31600	0	15800	0	15800	0	17188	0	54.39	nan	18212	0	4157	0	13.16	nan	644	0	302	0	31600
D32	172062	0	0	0	0	0	0	0	122223	0	71.03	nan	172062	0	86031	0	86031	0	94966	0	55.19	nan	99904	0	22319	0	12.97	nan	2862	0	1284	0	172062
D33	100112	0	0	0	0	0	0	0	71386	0	71.31	nan	100112	0	50056	0	50056	0	55388	0	55.33	nan	58410	0	12976	0	12.96	nan	1688	0	816	0	100112
D34	140010	0	0	0	0	0	0	0	99123	0	70.8	nan	140010	0	70005	0	70005	0	76496	0	54.64	nan	81262	0	17861	0	12.76	nan	2626	0	1246	0	140010
D35	43674	0	0	0	0	0	0	0	30862	0	70.66	nan	43674	0	21837	0	21837	0	23754	0	54.39	nan	25180	0	5682	0	13.01	nan	852	0	397	0	43674
D36	1428	0	0	0	0	0	0	0	985	0	68.98	nan	1428	0	714	0	714	0	754	0	52.8	nan	798	0	187	0	13.1	nan	34	0	13	0	1428
D37	95602	0	0	0	0	0	0	0	67852	0	70.97	nan	95602	0	47801	0	47801	0	52502	0	54.92	nan	55606	0	12246	0	12.81	nan	1774	0	859	0	95602
D38	94444	0	0	0	0	0	0	0	66963	0	70.9	nan	94444	0	47222	0	47222	0	51564	0	54.6	nan	54336	0	12627	0	13.37	nan	1424	0	698	0	94444
D39	91720	0	0	0	0	0	0	0	65235	0	71.12	nan	91720	0	45860	0	45860	0	50510	0	55.07	nan	53298	0	11937	0	13.01	nan	1528	0	721	0	91720
D4	74568	0	0	0	0	0	0	0	52205	0	70.01	nan	74568	0	37284	0	37284	0	40286	0	54.03	nan	42504	0	9701	0	13.01	nan	1314	0	571	0	74568
D40	111576	0	0	0	0	0	0	0	79311	0	71.08	nan	111576	0	55788	0	55788	0	61818	0	55.4	nan	64972	0	14339	0	12.85	nan	1734	0	778	0	111576
D41	82954	0	0	0	0	0	0	0	58614	0	70.66	nan	82954	0	41477	0	41477	0	45522	0	54.88	nan	48036	0	10578	0	12.75	nan	1432	0	632	0	82954
D42	32250	0	0	0	0	0	0	0	22656	0	70.25	nan	32250	0	16125	0	16125	0	17540	0	54.39	nan	18512	0	4144	0	12.85	nan	526	0	205	0	32250
D43	19882	0	0	0	0	0	0	0	13500	0	67.9	nan	19882	0	9941	0	9941	0	10154	0	51.07	nan	10874	0	2626	0	13.21	nan	416	0	160	0	19882
D44	100082	0	0	0	0	0	0	0	70684	0	70.63	nan	100082	0	50041	0	50041	0	54344	0	54.3	nan	57494	0	13190	0	13.18	nan	1842	0	786	0	100082
D45	14588	0	0	0	0	0	0	0	9887	0	67.77	nan	14588	0	7294	0	7294	0	7580	0	51.96	nan	7980	0	1907	0	13.07	nan	194	0	78	0	14588
D46	100800	0	0	0	0	0	0	0	70697	0	70.14	nan	100800	0	50400	0	50400	0	54746	0	54.31	nan	57754	0	12943	0	12.84	nan	1636	0	733	0	100800
D47	97554	0	0	0	0	0	0	0	68819	0	70.54	nan	97554	0	48777	0	48777	0	53138	0	54.47	nan	56132	0	12687	0	13.01	nan	1728	0	767	0	97554
D48	176228	0	0	0	0	0	0	0	121036	0	68.68	nan	176228	0	88114	0	88114	0	94104	0	53.4	nan	98884	0	22152	0	12.57	nan	2632	0	1098	0	176228
D49	55656	0	0	0	0	0	0	0	39010	0	70.09	nan	55656	0	27828	0	27828	0	30102	0	54.09	nan	31786	0	7224	0	12.98	nan	916	0	393	0	55656
D5	129790	0	0	0	0	0	0	0	91217	0	70.28	nan	129790	0	64895	0	64895	0	70860	0	54.6	nan	74776	0	16441	0	12.67	nan	2262	0	1022	0	129790
D50	90390	0	0	0	0	0	0	0	64125	0	70.94	nan	90390	0	45195	0	45195	0	49396	0	54.65	nan	52356	0	11769	0	13.02	nan	1672	0	742	0	90390
D51	44702	0	0	0	0	0	0	0	31691	0	70.89	nan	44702	0	22351	0	22351	0	24542	0	54.9	nan	25874	0	5817	0	13.01	nan	658	0	299	0	44702
D52	98866	0	0	0	0	0	0	0	69068	0	69.86	nan	98866	0	49433	0	49433	0	53420	0	54.03	nan	56252	0	12816	0	12.96	nan	1612	0	705	0	98866
D53	61424	0	0	0	0	0	0	0	42959	0	69.94	nan	61424	0	30712	0	30712	0	33202	0	54.05	nan	35056	0	7903	0	12.87	nan	1012	0	449	0	61424
D54	25206	0	0	0	0	0	0	0	17727	0	70.33	nan	25206	0	12603	0	12603	0	13794	0	54.73	nan	14522	0	3205	0	12.72	nan	412	0	173	0	25206
D55	91270	0	0	0	0	0	0	0	65087	0	71.31	nan	91270	0	45635	0	45635	0	50300	0	55.11	nan	53150	0	11937	0	13.08	nan	1600	0	754	0	91270
D56	215936	0	0	0	0	0	0	0	152362	0	70.56	nan	215936	0	107968	0	107968	0	118010	0	54.65	nan	124102	0	28260	0	13.09	nan	3288	0	1482	0	215936
D57	78192	0	0	0	0	0	0	0	55478	0	70.95	nan	78192	0	39096	0	39096	0	42888	0	54.85	nan	45386	0	10092	0	12.91	nan	1412	0	659	0	78192
D58	43438	0	0	0	0	0	0	0	30794	0	70.89	nan	43438	0	21719	0	21719	0	23636	0	54.41	nan	25170	0	5624	0	12.95	nan	836	0	375	0	43438
D59	67838	0	0	0	0	0	0	0	47666	0	70.26	nan	67838	0	33919	0	33919	0	36678	0	54.07	nan	38890	0	8776	0	12.94	nan	1198	0	581	0	67838
D6	72116	0	0	0	0	0	0	0	49594	0	68.77	nan	72116	0	36058	0	36058	0	38366	0	53.2	nan	40622	0	8972	0	12.44	nan	1266	0	609	0	72116
D60	56016	0	0	0	0	0	0	0	38805	0	69.27	nan	56016	0	28008	0	28008	0	29814	0	53.22	nan	31564	0	7241	0	12.93	nan	936	0	420	0	56016
D61	184504	0	0	0	0	0	0	0	131518	0	71.28	nan	184504	0	92252	0	92252	0	102274	0	55.43	nan	107668	0	23850	0	12.93	nan	3106	0	1486	0	184504
D62	97190	0	0	0	0	0	0	0	69444	0	71.45	nan	97190	0	48595	0	48595	0	53896	0	55.45	nan	57058	0	12386	0	12.74	nan	1752	0	888	0	97190
D63	50610	0	0	0	0	0	0	0	36380	0	71.88	nan	50610	0	25305	0	25305	0	28248	0	55.82	nan	29966	0	6414	0	12.67	nan	1040	0	520	0	50610
D64	178200	0	0	0	0	0	0	0	126495	0	70.98	nan	178200	0	89100	0	89100	0	98074	0	55.04	nan	103596	0	22899	0	12.85	nan	3182	0	1513	0	178200
D65	970180	0	0	0	0	0	0	0	675250	0	69.6	nan	970180	0	485090	0	485090	0	497670	0	51.3	nan	542010	0	133240	0	13.73	nan	19048	0	9271	0	970180
D66	818	0	0	0	0	0	0	0	535	0	65.4	nan	818	0	409	0	409	0	392	0	47.92	nan	416	0	119	0	14.55	nan	14	0	4	0	818
D67	1020	0	0	0	0	0	0	0	810	0	79.41	nan	1020	0	510	0	510	0	278	0	27.25	nan	688	0	122	0	11.96	nan	372	0	4	0	1020
D68	366	0	0	0	0	0	0	0	260	0	71.04	nan	366	0	183	0	183	0	190	0	51.91	nan	206	0	54	0	14.75	nan	12	0	8	0	366
D69	86	0	0	0	0	0	0	0	49	0	56.98	nan	86	0	43	0	43	0	40	0	46.51	nan	40	0	9	0	10.47	nan	0	0	0	0	86
D7	63816	0	0	0	0	0	0	0	43366	0	67.95	nan	63816	0	31908	0	31908	0	33328	0	52.23	nan	35102	0	8264	0	12.95	nan	970	0	423	0	63816
D70	298672	0	0	0	0	0	0	0	167864	0	56.2	nan	298672	0	149336	0	149336	0	123276	0	41.27	nan	134250	0	33614	0	11.25	nan	5106	0	2454	0	298672
D71	494084	0	0	0	0	0	0	0	265327	0	53.7	nan	494084	0	247042	0	247042	0	195824	0	39.63	nan	213318	0	52009	0	10.53	nan	8090	0	3854	0	494084
D72	25866	0	0	0	0	0	0	0	16667	0	64.44	nan	25866	0	12933	0	12933	0	13000	0	50.26	nan	13654	0	3013	0	11.65	nan	334	0	149	0	25866
D73	31454	0	0	0	0	0	0	0	21820	0	69.37	nan	31454	0	15727	0	15727	0	16704	0	53.11	nan	17754	0	4066	0	12.93	nan	616	0	287	0	31454
D74	11802	0	0	0	0	0	0	0	8220	0	69.65	nan	11802	0	5901	0	5901	0	6236	0	52.84	nan	6598	0	1622	0	13.74	nan	204	0	89	0	11802
D75	77216	0	0	0	0	0	0	0	54625	0	70.74	nan	77216	0	38608	0	38608	0	42296	0	54.78	nan	44562	0	10063	0	13.03	nan	1280	0	580	0	77216
D76	66934	0	0	0	0	0	0	0	47693	0	71.25	nan	66934	0	33467	0	33467	0	36732	0	54.88	nan	38994	0	8699	0	13.0	nan	1292	0	550	0	66934
D77	55192	0	0	0	0	0	0	0	38901	0	70.48	nan	55192	0	27596	0	27596	0	29936	0	54.24	nan	31640	0	7261	0	13.16	nan	1054	0	494	0	55192
D78	148202	0	0	0	0	0	0	0	105345	0	71.08	nan	148202	0	74101	0	74101	0	81822	0	55.21	nan	86076	0	19269	0	13.0	nan	2428	0	1066	0	148202
D79	61806	0	0	0	0	0	0	0	43189	0	69.88	nan	61806	0	30903	0	30903	0	33044	0	53.46	nan	35058	0	8131	0	13.16	nan	1080	0	459	0	61806
D8	186820	0	0	0	0	0	0	0	132195	0	70.76	nan	186820	0	93410	0	93410	0	102722	0	54.98	nan	108060	0	24135	0	12.92	nan	3078	0	1310	0	186820
D80	132120	0	0	0	0	0	0	0	93456	0	70.74	nan	132120	0	66060	0	66060	0	72734	0	55.05	nan	76292	0	17164	0	12.99	nan	2032	0	878	0	132120
D81	173906	0	0	0	0	0	0	0	122686	0	70.55	nan	173906	0	86953	0	86953	0	95268	0	54.78	nan	100446	0	22240	0	12.79	nan	2868	0	1251	0	173906
D82	55908	0	0	0	0	0	0	0	39005	0	69.77	nan	55908	0	27954	0	27954	0	30004	0	53.67	nan	31838	0	7167	0	12.82	nan	1054	0	495	0	55908
D83	91132	0	0	0	0	0	0	0	64600	0	70.89	nan	91132	0	45566	0	45566	0	49720	0	54.56	nan	52588	0	12012	0	13.18	nan	1586	0	663	0	91132
D84	37808	0	0	0	0	0	0	0	26557	0	70.24	nan	37808	0	18904	0	18904	0	20452	0	54.09	nan	21716	0	4841	0	12.8	nan	682	0	307	0	37808
D85	89304	0	0	0	0	0	0	0	64096	0	71.77	nan	89304	0	44652	0	44652	0	49424	0	55.34	nan	52428	0	11668	0	13.07	nan	1600	0	761	0	89304
D86	86330	0	0	0	0	0	0	0	61488	0	71.22	nan	86330	0	43165	0	43165	0	47738	0	55.3	nan	50414	0	11074	0	12.83	nan	1518	0	722	0	86330
D87	144434	0	0	0	0	0	0	0	102714	0	71.11	nan	144434	0	72217	0	72217	0	79736	0	55.21	nan	84022	0	18692	0	12.94	nan	2434	0	1191	0	144434
D88	473912	0	0	0	0	0	0	0	337006	0	71.11	nan	473912	0	236956	0	236956	0	261340	0	55.15	nan	275176	0	61830	0	13.05	nan	7634	0	3514	0	473912
D89	43276	0	0	0	0	0	0	0	30705	0	70.95	nan	43276	0	21638	0	21638	0	23660	0	54.67	nan	24908	0	5797	0	13.4	nan	720	0	387	0	43276
D9	64982	0	0	0	0	0	0	0	43918	0	67.58	nan	64982	0	32491	0	32491	0	33722	0	51.89	nan	35544	0	8374	0	12.89	nan	1026	0	473	0	64982
D90	39702	0	0	0	0	0	0	0	28172	0	70.96	nan	39702	0	19851	0	19851	0	21608	0	54.43	nan	22872	0	5300	0	13.35	nan	686	0	308	0	39702
D91	61574	0	0	0	0	0	0	0	43988	0	71.44	nan	61574	0	30787	0	30787	0	33872	0	55.01	nan	35870	0	8118	0	13.18	nan	1088	0	507	0	61574
D92	62036	0	0	0	0	0	0	0	44303	0	71.41	nan	62036	0	31018	0	31018	0	34274	0	55.25	nan	36280	0	8023	0	12.93	nan	1162	0	573	0	62036
D93	45232	0	0	0	0	0	0	0	32349	0	71.52	nan	45232	0	22616	0	22616	0	24796	0	54.82	nan	26334	0	6015	0	13.3	nan	840	0	442	0	45232
D94	42436	0	0	0	0	0	0	0	30259	0	71.31	nan	42436	0	21218	0	21218	0	23254	0	54.8	nan	24540	0	5719	0	13.48	nan	726	0	353	0	42436
E1	1364	0	0	0	0	0	0	0	1283	0	94.06	nan	1364	0	682	0	682	0	1226	0	89.88	nan	1268	0	15	0	1.1	nan	8	0	4	0	1364
E10	1050	0	0	0	0	0	0	0	856	0	81.52	nan	1050	0	525	0	525	0	788	0	75.05	nan	834	0	22	0	2.1	nan	4	0	0	0	1050
E11	380	0	0	0	0	0	0	0	311	0	81.84	nan	380	0	190	0	190	0	302	0	79.47	nan	306	0	5	0	1.32	nan	0	0	0	0	380
E12	266	0	0	0	0	0	0	0	220	0	82.71	nan	266	0	133	0	133	0	202	0	75.94	nan	220	0	0	0	0.0	nan	2	0	2	0	266
E13	246	0	0	0	0	0	0	0	229	0	93.09	nan	246	0	123	0	123	0	226	0	91.87	nan	226	0	3	0	1.22	nan	0	0	0	0	246
E14	408	0	0	0	0	0	0	0	387	0	94.85	nan	408	0	204	0	204	0	372	0	91.18	nan	378	0	9	0	2.21	nan	0	0	0	0	408
E15	660632	0	0	0	0	0	0	0	619242	0	93.73	nan	660632	0	330316	0	330316	0	565434	0	85.59	nan	604286	0	14956	0	2.26	nan	11030	0	7925	0	660632
E16	410	0	0	0	0	0	0	0	334	0	81.46	nan	410	0	205	0	205	0	302	0	73.66	nan	312	0	22	0	5.37	nan	0	0	0	0	410
E17	1218	0	0	0	0	0	0	0	1077	0	88.42	nan	1218	0	609	0	609	0	994	0	81.61	nan	1028	0	49	0	4.02	nan	14	0	3	0	1218
E18	932	0	0	0	0	0	0	0	807	0	86.59	nan	932	0	466	0	466	0	758	0	81.33	nan	794	0	13	0	1.39	nan	6	0	6	0	932
E19	490	0	0	0	0	0	0	0	433	0	88.37	nan	490	0	245	0	245	0	402	0	82.04	nan	426	0	7	0	1.43	nan	6	0	4	0	490
E20	648	0	0	0	0	0	0	0	596	0	91.98	nan	648	0	324	0	324	0	576	0	88.89	nan	592	0	4	0	0.62	nan	6	0	6	0	648
E21	268	0	0	0	0	0	0	0	239	0	89.18	nan	268	0	134	0	134	0	220	0	82.09	nan	232	0	7	0	2.61	nan	8	0	7	0	268
E22	448	0	0	0	0	0	0	0	395	0	88.17	nan	448	0	224	0	224	0	350	0	78.12	nan	366	0	29	0	6.47	nan	6	0	3	0	448
E23	1012	0	0	0	0	0	0	0	884	0	87.35	nan	1012	0	506	0	506	0	824	0	81.42	nan	874	0	10	0	0.99	nan	32	0	32	0	1012
E24	290560	0	0	0	0	0	0	0	277592	0	95.54	nan	290560	0	145280	0	145280	0	256078	0	88.13	nan	271854	0	5738	0	1.97	nan	4820	0	3536	0	290560
E25	780	0	0	0	0	0	0	0	656	0	84.1	nan	780	0	390	0	390	0	608	0	77.95	nan	640	0	16	0	2.05	nan	4	0	3	0	780
E26	856	0	0	0	0	0	0	0	726	0	84.81	nan	856	0	428	0	428	0	640	0	74.77	nan	708	0	18	0	2.1	nan	52	0	45	0	856
E27	542	0	0	0	0	0	0	0	473	0	87.27	nan	542	0	271	0	271	0	448	0	82.66	nan	468	0	5	0	0.92	nan	4	0	4	0	542
E28	574	0	0	0	0	0	0	0	527	0	91.81	nan	574	0	287	0	287	0	490	0	85.37	nan	522	0	5	0	0.87	nan	6	0	1	0	574
E29	158	0	0	0	0	0	0	0	112	0	70.89	nan	158	0	79	0	79	0	104	0	65.82	nan	104	0	8	0	5.06	nan	0	0	0	0	158
E3	808	0	0	0	0	0	0	0	706	0	87.38	nan	808	0	404	0	404	0	630	0	77.97	nan	688	0	18	0	2.23	nan	34	0	17	0	808
E30	182	0	0	0	0	0	0	0	139	0	76.37	nan	182	0	91	0	91	0	132	0	72.53	nan	134	0	5	0	2.75	nan	0	0	0	0	182
E31	2148	0	0	0	0	0	0	0	1714	0	79.8	nan	2148	0	1074	0	1074	0	1596	0	74.3	nan	1664	0	50	0	2.33	nan	6	0	4	0	2148
E32	850	0	0	0	0	0	0	0	730	0	85.88	nan	850	0	425	0	425	0	680	0	80.0	nan	696	0	34	0	4.0	nan	6	0	3	0	850
E33	2002	0	0	0	0	0	0	0	1856	0	92.71	nan	2002	0	1001	0	1001	0	1464	0	73.13	nan	1832	0	24	0	1.2	nan	326	0	196	0	2002
E34	936	0	0	0	0	0	0	0	812	0	86.75	nan	936	0	468	0	468	0	756	0	80.77	nan	774	0	38	0	4.06	nan	0	0	0	0	936
E35	598	0	0	0	0	0	0	0	482	0	80.6	nan	598	0	299	0	299	0	458	0	76.59	nan	468	0	14	0	2.34	nan	0	0	0	0	598
E36	208	0	0	0	0	0	0	0	161	0	77.4	nan	208	0	104	0	104	0	134	0	64.42	nan	154	0	7	0	3.37	nan	12	0	6	0	208
E37	346	0	0	0	0	0	0	0	257	0	74.28	nan	346	0	173	0	173	0	242	0	69.94	nan	250	0	7	0	2.02	nan	2	0	2	0	346
E38	252	0	0	0	0	0	0	0	227	0	90.08	nan	252	0	126	0	126	0	218	0	86.51	nan	222	0	5	0	1.98	nan	0	0	0	0	252
E39	470	0	0	0	0	0	0	0	382	0	81.28	nan	470	0	235	0	235	0	372	0	79.15	nan	374	0	8	0	1.7	nan	0	0	0	0	470
E4	384	0	0	0	0	0	0	0	323	0	84.11	nan	384	0	192	0	192	0	314	0	81.77	nan	320	0	3	0	0.78	nan	2	0	2	0	384
E40	804	0	0	0	0	0	0	0	721	0	89.68	nan	804	0	402	0	402	0	660	0	82.09	nan	678	0	43	0	5.35	nan	6	0	2	0	804
E41	704	0	0	0	0	0	0	0	590	0	83.81	nan	704	0	352	0	352	0	542	0	76.99	nan	574	0	16	0	2.27	nan	16	0	9	0	704
E42	1292	0	0	0	0	0	0	0	1137	0	88.0	nan	1292	0	646	0	646	0	1082	0	83.75	nan	1102	0	35	0	2.71	nan	8	0	1	0	1292
E43	1346	0	0	0	0	0	0	0	1049	0	77.93	nan	1346	0	673	0	673	0	998	0	74.15	nan	1026	0	23	0	1.71	nan	10	0	3	0	1346
E44	966	0	0	0	0	0	0	0	849	0	87.89	nan	966	0	483	0	483	0	806	0	83.44	nan	826	0	23	0	2.38	nan	4	0	2	0	966
E45	772	0	0	0	0	0	0	0	696	0	90.16	nan	772	0	386	0	386	0	630	0	81.61	nan	664	0	32	0	4.15	nan	12	0	2	0	772
E46	250	0	0	0	0	0	0	0	200	0	80.0	nan	250	0	125	0	125	0	182	0	72.8	nan	192	0	8	0	3.2	nan	10	0	0	0	250
E47	1014	0	0	0	0	0	0	0	893	0	88.07	nan	1014	0	507	0	507	0	848	0	83.63	nan	874	0	19	0	1.87	nan	18	0	15	0	1014
E48	398	0	0	0	0	0	0	0	318	0	79.9	nan	398	0	199	0	199	0	284	0	71.36	nan	306	0	12	0	3.02	nan	10	0	2	0	398
E49	462	0	0	0	0	0	0	0	326	0	70.56	nan	462	0	231	0	231	0	294	0	63.64	nan	304	0	22	0	4.76	nan	8	0	2	0	462
E5	468	0	0	0	0	0	0	0	427	0	91.24	nan	468	0	234	0	234	0	400	0	85.47	nan	418	0	9	0	1.92	nan	2	0	2	0	468
E50	1186	0	0	0	0	0	0	0	973	0	82.04	nan	1186	0	593	0	593	0	926	0	78.08	nan	942	0	31	0	2.61	nan	2	0	1	0	1186
E51	584	0	0	0	0	0	0	0	468	0	80.14	nan	584	0	292	0	292	0	450	0	77.05	nan	458	0	10	0	1.71	nan	2	0	2	0	584
E52	576	0	0	0	0	0	0	0	527	0	91.49	nan	576	0	288	0	288	0	478	0	82.99	nan	520	0	7	0	1.22	nan	4	0	4	0	576
E53	404	0	0	0	0	0	0	0	347	0	85.89	nan	404	0	202	0	202	0	324	0	80.2	nan	340	0	7	0	1.73	nan	4	0	2	0	404
E54	266	0	0	0	0	0	0	0	212	0	79.7	nan	266	0	133	0	133	0	202	0	75.94	nan	208	0	4	0	1.5	nan	0	0	0	0	266
E55	586	0	0	0	0	0	0	0	486	0	82.94	nan	586	0	293	0	293	0	458	0	78.16	nan	470	0	16	0	2.73	nan	2	0	0	0	586
E56	582	0	0	0	0	0	0	0	525	0	90.21	nan	582	0	291	0	291	0	496	0	85.22	nan	506	0	19	0	3.26	nan	2	0	2	0	582
E57	368	0	0	0	0	0	0	0	308	0	83.7	nan	368	0	184	0	184	0	264	0	71.74	nan	286	0	22	0	5.98	nan	0	0	0	0	368
E58	1036	0	0	0	0	0	0	0	955	0	92.18	nan	1036	0	518	0	518	0	914	0	88.22	nan	938	0	17	0	1.64	nan	4	0	2	0	1036
E59	654	0	0	0	0	0	0	0	557	0	85.17	nan	654	0	327	0	327	0	496	0	75.84	nan	536	0	21	0	3.21	nan	32	0	32	0	654
E60	254	0	0	0	0	0	0	0	195	0	76.77	nan	254	0	127	0	127	0	182	0	71.65	nan	190	0	5	0	1.97	nan	4	0	4	0	254
E61	690	0	0	0	0	0	0	0	605	0	87.68	nan	690	0	345	0	345	0	588	0	85.22	nan	596	0	9	0	1.3	nan	4	0	3	0	690
E62	568	0	0	0	0	0	0	0	533	0	93.84	nan	568	0	284	0	284	0	498	0	87.68	nan	520	0	13	0	2.29	nan	4	0	1	0	568
E63	414	0	0	0	0	0	0	0	364	0	87.92	nan	414	0	207	0	207	0	348	0	84.06	nan	358	0	6	0	1.45	nan	4	0	2	0	414
E64	794	0	0	0	0	0	0	0	694	0	87.41	nan	794	0	397	0	397	0	648	0	81.61	nan	678	0	16	0	2.02	nan	16	0	8	0	794
E65	300	0	0	0	0	0	0	0	243	0	81.0	nan	300	0	150	0	150	0	232	0	77.33	nan	232	0	11	0	3.67	nan	0	0	0	0	300
E66	238	0	0	0	0	0	0	0	165	0	69.33	nan	238	0	119	0	119	0	158	0	66.39	nan	158	0	7	0	2.94	nan	0	0	0	0	238
E67	380	0	0	0	0	0	0	0	332	0	87.37	nan	380	0	190	0	190	0	320	0	84.21	nan	326	0	6	0	1.58	nan	0	0	0	0	380
E68	504	0	0	0	0	0	0	0	467	0	92.66	nan	504	0	252	0	252	0	418	0	82.94	nan	452	0	15	0	2.98	nan	8	0	2	0	504
E69	368	0	0	0	0	0	0	0	286	0	77.72	nan	368	0	184	0	184	0	260	0	70.65	nan	280	0	6	0	1.63	nan	0	0	0	0	368
E7	1056	0	0	0	0	0	0	0	896	0	84.85	nan	1056	0	528	0	528	0	832	0	78.79	nan	874	0	22	0	2.08	nan	2	0	2	0	1056
E70	650	0	0	0	0	0	0	0	565	0	86.92	nan	650	0	325	0	325	0	528	0	81.23	nan	546	0	19	0	2.92	nan	0	0	0	0	650
E72	456	0	0	0	0	0	0	0	379	0	83.11	nan	456	0	228	0	228	0	352	0	77.19	nan	362	0	17	0	3.73	nan	6	0	2	0	456
E75	378	0	0	0	0	0	0	0	312	0	82.54	nan	378	0	189	0	189	0	302	0	79.89	nan	308	0	4	0	1.06	nan	0	0	0	0	378
E76	398	0	0	0	0	0	0	0	347	0	87.19	nan	398	0	199	0	199	0	316	0	79.4	nan	342	0	5	0	1.26	nan	16	0	12	0	398
E77	626	0	0	0	0	0	0	0	515	0	82.27	nan	626	0	313	0	313	0	462	0	73.8	nan	490	0	25	0	3.99	nan	14	0	3	0	626
E78	1326	0	0	0	0	0	0	0	1144	0	86.27	nan	1326	0	663	0	663	0	1074	0	81.0	nan	1124	0	20	0	1.51	nan	8	0	4	0	1326
E8	794	0	0	0	0	0	0	0	632	0	79.6	nan	794	0	397	0	397	0	590	0	74.31	nan	606	0	26	0	3.27	nan	8	0	3	0	794
E80	330	0	0	0	0	0	0	0	272	0	82.42	nan	330	0	165	0	165	0	254	0	76.97	nan	254	0	18	0	5.45	nan	0	0	0	0	330
E82	428	0	0	0	0	0	0	0	329	0	76.87	nan	428	0	214	0	214	0	312	0	72.9	nan	320	0	9	0	2.1	nan	4	0	4	0	428
E84	344	0	0	0	0	0	0	0	295	0	85.76	nan	344	0	172	0	172	0	284	0	82.56	nan	290	0	5	0	1.45	nan	2	0	1	0	344
E85	596	0	0	0	0	0	0	0	494	0	82.89	nan	596	0	298	0	298	0	422	0	70.81	nan	458	0	36	0	6.04	nan	2	0	2	0	596
E86	294	0	0	0	0	0	0	0	238	0	80.95	nan	294	0	147	0	147	0	214	0	72.79	nan	234	0	4	0	1.36	nan	12	0	12	0	294
E87	678	0	0	0	0	0	0	0	541	0	79.79	nan	678	0	339	0	339	0	472	0	69.62	nan	518	0	23	0	3.39	nan	2	0	2	0	678
E9	2364	0	0	0	0	0	0	0	2092	0	88.49	nan	2364	0	1182	0	1182	0	1948	0	82.4	nan	2040	0	52	0	2.2	nan	24	0	17	0	2364
E90	468	0	0	0	0	0	0	0	351	0	75.0	nan	468	0	234	0	234	0	320	0	68.38	nan	342	0	9	0	1.92	nan	6	0	2	0	468
E91	540	0	0	0	0	0	0	0	476	0	88.15	nan	540	0	270	0	270	0	446	0	82.59	nan	462	0	14	0	2.59	nan	4	0	0	0	540
E92	674	0	0	0	0	0	0	0	587	0	87.09	nan	674	0	337	0	337	0	554	0	82.2	nan	570	0	17	0	2.52	nan	0	0	0	0	674
E94	768	0	0	0	0	0	0	0	756	0	98.44	nan	768	0	384	0	384	0	720	0	93.75	nan	752	0	4	0	0.52	nan	16	0	8	0	768
E95	1896	0	0	0	0	0	0	0	1689	0	89.08	nan	1896	0	948	0	948	0	1496	0	78.9	nan	1646	0	43	0	2.27	nan	102	0	97	0	1896
F1	224904	0	0	0	0	0	0	0	202556	0	90.06	nan	224904	0	112452	0	112452	0	187294	0	83.28	nan	199676	0	2880	0	1.28	nan	2596	0	1908	0	224904
F10	185662	0	0	0	0	0	0	0	136115	0	73.31	nan	185662	0	92831	0	92831	0	125910	0	67.82	nan	134236	0	1879	0	1.01	nan	1874	0	1326	0	185662
F11	57314	0	0	0	0	0	0	0	32393	0	56.52	nan	57314	0	28657	0	28657	0	29798	0	51.99	nan	31740	0	653	0	1.14	nan	516	0	371	0	57314
F12	134346	0	0	0	0	0	0	0	107744	0	80.2	nan	134346	0	67173	0	67173	0	99696	0	74.21	nan	106278	0	1466	0	1.09	nan	1602	0	1155	0	134346
F13	50362	0	0	0	0	0	0	0	39698	0	78.83	nan	50362	0	25181	0	25181	0	36728	0	72.93	nan	39218	0	480	0	0.95	nan	576	0	423	0	50362
F14	198132	0	0	0	0	0	0	0	154784	0	78.12	nan	198132	0	99066	0	99066	0	143370	0	72.36	nan	152718	0	2066	0	1.04	nan	2054	0	1408	0	198132
F15	45550	0	0	0	0	0	0	0	41593	0	91.31	nan	45550	0	22775	0	22775	0	38882	0	85.36	nan	40946	0	647	0	1.42	nan	524	0	357	0	45550
F16	56554	0	0	0	0	0	0	0	45458	0	80.38	nan	56554	0	28277	0	28277	0	41884	0	74.06	nan	44488	0	970	0	1.72	nan	556	0	343	0	56554
F17	97028	0	0	0	0	0	0	0	80745	0	83.22	nan	97028	0	48514	0	48514	0	74782	0	77.07	nan	79636	0	1109	0	1.14	nan	1106	0	756	0	97028
F18	190116	0	0	0	0	0	0	0	158358	0	83.3	nan	190116	0	95058	0	95058	0	146616	0	77.12	nan	155908	0	2450	0	1.29	nan	2128	0	1578	0	190116
F19	29580	0	0	0	0	0	0	0	19035	0	64.35	nan	29580	0	14790	0	14790	0	17730	0	59.94	nan	18812	0	223	0	0.75	nan	226	0	153	0	29580
F2	223802	0	0	0	0	0	0	0	184616	0	82.49	nan	223802	0	111901	0	111901	0	170788	0	76.31	nan	181912	0	2704	0	1.21	nan	2370	0	1638	0	223802
F20	69964	0	0	0	0	0	0	0	34054	0	48.67	nan	69964	0	34982	0	34982	0	31460	0	44.97	nan	33570	0	484	0	0.69	nan	492	0	358	0	69964
F21	58030	0	0	0	0	0	0	0	25193	0	43.41	nan	58030	0	29015	0	29015	0	23386	0	40.3	nan	24862	0	331	0	0.57	nan	340	0	240	0	58030
F22	197196	0	0	0	0	0	0	0	181396	0	91.99	nan	197196	0	98598	0	98598	0	167434	0	84.91	nan	178920	0	2476	0	1.26	nan	2542	0	1764	0	197196
F23	129668	0	0	0	0	0	0	0	98495	0	75.96	nan	129668	0	64834	0	64834	0	91112	0	70.27	nan	97216	0	1279	0	0.99	nan	1406	0	966	0	129668
F24	108876	0	0	0	0	0	0	0	95509	0	87.72	nan	108876	0	54438	0	54438	0	89252	0	81.98	nan	94004	0	1505	0	1.38	nan	1508	0	1111	0	108876
F25	223040	0	0	0	0	0	0	0	202114	0	90.62	nan	223040	0	111520	0	111520	0	186852	0	83.78	nan	199492	0	2622	0	1.18	nan	2706	0	1929	0	223040
F26	301280	0	0	0	0	0	0	0	217720	0	72.27	nan	301280	0	150640	0	150640	0	201608	0	66.92	nan	214696	0	3024	0	1.0	nan	2856	0	2082	0	301280
F27	353446	0	0	0	0	0	0	0	247499	0	70.02	nan	353446	0	176723	0	176723	0	228882	0	64.76	nan	244250	0	3249	0	0.92	nan	3162	0	2242	0	353446
F28	55398	0	0	0	0	0	0	0	20678	0	37.33	nan	55398	0	27699	0	27699	0	19088	0	34.46	nan	20358	0	320	0	0.58	nan	276	0	205	0	55398
F29	102486	0	0	0	0	0	0	0	60865	0	59.39	nan	102486	0	51243	0	51243	0	48370	0	47.2	nan	51734	0	9131	0	8.91	nan	820	0	346	0	102486
F3	16218	0	0	0	0	0	0	0	3438	0	21.2	nan	16218	0	8109	0	8109	0	3092	0	19.07	nan	3294	0	144	0	0.89	nan	28	0	14	0	16218
F30	134626	0	0	0	0	0	0	0	83235	0	61.83	nan	134626	0	67313	0	67313	0	66248	0	49.21	nan	70860	0	12375	0	9.19	nan	1052	0	407	0	134626
F31	16528	0	0	0	0	0	0	0	9171	0	55.49	nan	16528	0	8264	0	8264	0	7432	0	44.97	nan	7912	0	1259	0	7.62	nan	132	0	56	0	16528
F32	108456	0	0	0	0	0	0	0	15107	0	13.93	nan	108456	0	54228	0	54228	0	12354	0	11.39	nan	13096	0	2011	0	1.85	nan	176	0	63	0	108456
F33	73588	0	0	0	0	0	0	0	49125	0	66.76	nan	73588	0	36794	0	36794	0	39400	0	53.54	nan	42014	0	7111	0	9.66	nan	614	0	240	0	73588
F34	172938	0	0	0	0	0	0	0	116149	0	67.16	nan	172938	0	86469	0	86469	0	92934	0	53.74	nan	99468	0	16681	0	9.65	nan	1656	0	671	0	172938
F35	188938	0	0	0	0	0	0	0	134296	0	71.08	nan	188938	0	94469	0	94469	0	106924	0	56.59	nan	114294	0	20002	0	10.59	nan	1988	0	754	0	188938
F36	48030	0	0	0	0	0	0	0	35918	0	74.78	nan	48030	0	24015	0	24015	0	28922	0	60.22	nan	30858	0	5060	0	10.54	nan	536	0	185	0	48030
F37	191294	0	0	0	0	0	0	0	185958	0	97.21	nan	191294	0	95647	0	95647	0	172734	0	90.3	nan	183886	0	2072	0	1.08	nan	2328	0	1721	0	191294
F38	98456	0	0	0	0	0	0	0	76118	0	77.31	nan	98456	0	49228	0	49228	0	70476	0	71.58	nan	75192	0	926	0	0.94	nan	1088	0	782	0	98456
F39	49074	0	0	0	0	0	0	0	33956	0	69.19	nan	49074	0	24537	0	24537	0	31532	0	64.25	nan	33508	0	448	0	0.91	nan	450	0	302	0	49074
F4	114706	0	0	0	0	0	0	0	91761	0	80.0	nan	114706	0	57353	0	57353	0	84858	0	73.98	nan	90382	0	1379	0	1.2	nan	1298	0	930	0	114706
F40	18684	0	0	0	0	0	0	0	10533	0	56.37	nan	18684	0	9342	0	9342	0	9746	0	52.16	nan	10388	0	145	0	0.78	nan	146	0	107	0	18684
F41	155610	0	0	0	0	0	0	0	109067	0	70.09	nan	155610	0	77805	0	77805	0	86640	0	55.68	nan	92768	0	16299	0	10.47	nan	1332	0	511	0	155610
F42	126134	0	0	0	0	0	0	0	89164	0	70.69	nan	126134	0	63067	0	63067	0	71350	0	56.57	nan	76044	0	13120	0	10.4	nan	1222	0	473	0	126134
F43	174992	0	0	0	0	0	0	0	126196	0	72.12	nan	174992	0	87496	0	87496	0	99564	0	56.9	nan	106700	0	19496	0	11.14	nan	1858	0	683	0	174992
F44	134578	0	0	0	0	0	0	0	95499	0	70.96	nan	134578	0	67289	0	67289	0	76158	0	56.59	nan	81280	0	14219	0	10.57	nan	1220	0	421	0	134578
F45	40984	0	0	0	0	0	0	0	30320	0	73.98	nan	40984	0	20492	0	20492	0	24322	0	59.35	nan	26010	0	4310	0	10.52	nan	370	0	133	0	40984
F46	75682	0	0	0	0	0	0	0	56080	0	74.1	nan	75682	0	37841	0	37841	0	45066	0	59.55	nan	48092	0	7988	0	10.55	nan	696	0	294	0	75682
F47	35624	0	0	0	0	0	0	0	26213	0	73.58	nan	35624	0	17812	0	17812	0	20958	0	58.83	nan	22386	0	3827	0	10.74	nan	324	0	139	0	35624
F48	88400	0	0	0	0	0	0	0	63761	0	72.13	nan	88400	0	44200	0	44200	0	50522	0	57.15	nan	53984	0	9777	0	11.06	nan	810	0	289	0	88400
F49	57940	0	0	0	0	0	0	0	32584	0	56.24	nan	57940	0	28970	0	28970	0	30220	0	52.16	nan	32108	0	476	0	0.82	nan	450	0	320	0	57940
F5	235620	0	0	0	0	0	0	0	210476	0	89.33	nan	235620	0	117810	0	117810	0	195116	0	82.81	nan	207880	0	2596	0	1.1	nan	2858	0	1994	0	235620
F50	261532	0	0	0	0	0	0	0	140323	0	53.65	nan	261532	0	130766	0	130766	0	129718	0	49.6	nan	138454	0	1869	0	0.71	nan	1970	0	1401	0	261532
F51	84014	0	0	0	0	0	0	0	46297	0	55.11	nan	84014	0	42007	0	42007	0	42800	0	50.94	nan	45684	0	613	0	0.73	nan	610	0	406	0	84014
F52	91006	0	0	0	0	0	0	0	57967	0	63.7	nan	91006	0	45503	0	45503	0	53846	0	59.17	nan	57292	0	675	0	0.74	nan	860	0	590	0	91006
F53	542	0	0	0	0	0	0	0	366	0	67.53	nan	542	0	271	0	271	0	314	0	57.93	nan	338	0	28	0	5.17	nan	4	0	4	0	542
F54	50330	0	0	0	0	0	0	0	35164	0	69.87	nan	50330	0	25165	0	25165	0	26920	0	53.49	nan	29264	0	5900	0	11.72	nan	882	0	381	0	50330
F55	85192	0	0	0	0	0	0	0	62338	0	73.17	nan	85192	0	42596	0	42596	0	49928	0	58.61	nan	53284	0	9054	0	10.63	nan	856	0	299	0	85192
F56	51736	0	0	0	0	0	0	0	38530	0	74.47	nan	51736	0	25868	0	25868	0	30988	0	59.9	nan	33130	0	5400	0	10.44	nan	482	0	178	0	51736
F57	215448	0	0	0	0	0	0	0	159122	0	73.86	nan	215448	0	107724	0	107724	0	126790	0	58.85	nan	135846	0	23276	0	10.8	nan	2222	0	845	0	215448
F58	259502	0	0	0	0	0	0	0	190948	0	73.58	nan	259502	0	129751	0	129751	0	153086	0	58.99	nan	163404	0	27544	0	10.61	nan	2540	0	971	0	259502
F59	265472	0	0	0	0	0	0	0	187864	0	70.77	nan	265472	0	132736	0	132736	0	174200	0	65.62	nan	185518	0	2346	0	0.88	nan	2428	0	1750	0	265472
F6	9692	0	0	0	0	0	0	0	3116	0	32.15	nan	9692	0	4846	0	4846	0	2820	0	29.1	nan	3062	0	54	0	0.56	nan	46	0	28	0	9692
F60	108058	0	0	0	0	0	0	0	85665	0	79.28	nan	108058	0	54029	0	54029	0	79578	0	73.64	nan	84696	0	969	0	0.9	nan	1172	0	819	0	108058
F61	72468	0	0	0	0	0	0	0	46716	0	64.46	nan	72468	0	36234	0	36234	0	43412	0	59.91	nan	46156	0	560	0	0.77	nan	592	0	438	0	72468
F62	244216	0	0	0	0	0	0	0	184164	0	75.41	nan	244216	0	122108	0	122108	0	170624	0	69.87	nan	181900	0	2264	0	0.93	nan	2426	0	1780	0	244216
F63	135480	0	0	0	0	0	0	0	99061	0	73.12	nan	135480	0	67740	0	67740	0	79032	0	58.33	nan	84350	0	14711	0	10.86	nan	1274	0	476	0	135480
F64	192712	0	0	0	0	0	0	0	138547	0	71.89	nan	192712	0	96356	0	96356	0	109548	0	56.85	nan	117466	0	21081	0	10.94	nan	1936	0	722	0	192712
F65	80410	0	0	0	0	0	0	0	54472	0	67.74	nan	80410	0	40205	0	40205	0	41588	0	51.72	nan	44888	0	9584	0	11.92	nan	1492	0	725	0	80410
F66	216232	0	0	0	0	0	0	0	153076	0	70.79	nan	216232	0	108116	0	108116	0	118158	0	54.64	nan	128426	0	24650	0	11.4	nan	3742	0	1677	0	216232
F67	73118	0	0	0	0	0	0	0	53459	0	73.11	nan	73118	0	36559	0	36559	0	42638	0	58.31	nan	45620	0	7839	0	10.72	nan	802	0	296	0	73118
F68	121316	0	0	0	0	0	0	0	87008	0	71.72	nan	121316	0	60658	0	60658	0	67914	0	55.98	nan	72814	0	14194	0	11.7	nan	1420	0	505	0	121316
F69	170774	0	0	0	0	0	0	0	125502	0	73.49	nan	170774	0	85387	0	85387	0	99562	0	58.3	nan	106524	0	18978	0	11.11	nan	1734	0	687	0	170774
F7	19844	0	0	0	0	0	0	0	3959	0	19.95	nan	19844	0	9922	0	9922	0	3130	0	15.77	nan	3356	0	603	0	3.04	nan	94	0	39	0	19844
F70	111742	0	0	0	0	0	0	0	81841	0	73.24	nan	111742	0	55871	0	55871	0	65674	0	58.77	nan	69364	0	12477	0	11.17	nan	1136	0	487	0	111742
F71	243026	0	0	0	0	0	0	0	98024	0	40.33	nan	243026	0	121513	0	121513	0	91782	0	37.77	nan	96308	0	1716	0	0.71	nan	1008	0	722	0	243026
F72	150036	0	0	0	0	0	0	0	78713	0	52.46	nan	150036	0	75018	0	75018	0	72754	0	48.49	nan	77772	0	941	0	0.63	nan	1212	0	861	0	150036
F73	347370	0	0	0	0	0	0	0	102192	0	29.42	nan	347370	0	173685	0	173685	0	94336	0	27.16	nan	100574	0	1618	0	0.47	nan	1492	0	1092	0	347370
F74	47270	0	0	0	0	0	0	0	45312	0	95.86	nan	47270	0	23635	0	23635	0	41940	0	88.72	nan	44772	0	540	0	1.14	nan	688	0	474	0	47270
F75	173008	0	0	0	0	0	0	0	115828	0	66.95	nan	173008	0	86504	0	86504	0	89498	0	51.73	nan	96920	0	18908	0	10.93	nan	2354	0	921	0	173008
F76	181188	0	0	0	0	0	0	0	128874	0	71.13	nan	181188	0	90594	0	90594	0	99620	0	54.98	nan	107650	0	21224	0	11.71	nan	2520	0	956	0	181188
F77	49760	0	0	0	0	0	0	0	35304	0	70.95	nan	49760	0	24880	0	24880	0	26976	0	54.21	nan	29180	0	6124	0	12.31	nan	654	0	263	0	49760
F78	147768	0	0	0	0	0	0	0	103555	0	70.08	nan	147768	0	73884	0	73884	0	80910	0	54.75	nan	87136	0	16419	0	11.11	nan	1898	0	781	0	147768
F79	67506	0	0	0	0	0	0	0	49736	0	73.68	nan	67506	0	33753	0	33753	0	39602	0	58.66	nan	42286	0	7450	0	11.04	nan	536	0	171	0	67506
F8	29580	0	0	0	0	0	0	0	7318	0	24.74	nan	29580	0	14790	0	14790	0	6698	0	22.64	nan	7190	0	128	0	0.43	nan	104	0	70	0	29580
F80	40122	0	0	0	0	0	0	0	29611	0	73.8	nan	40122	0	20061	0	20061	0	23738	0	59.16	nan	25474	0	4137	0	10.31	nan	418	0	153	0	40122
F81	167040	0	0	0	0	0	0	0	122997	0	73.63	nan	167040	0	83520	0	83520	0	98270	0	58.83	nan	105020	0	17977	0	10.76	nan	1548	0	529	0	167040
F82	117660	0	0	0	0	0	0	0	87386	0	74.27	nan	117660	0	58830	0	58830	0	70192	0	59.66	nan	74974	0	12412	0	10.55	nan	1164	0	480	0	117660
F83	134680	0	0	0	0	0	0	0	95839	0	71.16	nan	134680	0	67340	0	67340	0	73868	0	54.85	nan	79726	0	16113	0	11.96	nan	1888	0	693	0	134680
F84	143034	0	0	0	0	0	0	0	102366	0	71.57	nan	143034	0	71517	0	71517	0	79080	0	55.29	nan	85248	0	17118	0	11.97	nan	2064	0	879	0	143034
F85	119106	0	0	0	0	0	0	0	83632	0	70.22	nan	119106	0	59553	0	59553	0	64074	0	53.8	nan	69558	0	14074	0	11.82	nan	2098	0	926	0	119106
F86	37174	0	0	0	0	0	0	0	25339	0	68.16	nan	37174	0	18587	0	18587	0	20344	0	54.73	nan	21666	0	3673	0	9.88	nan	352	0	148	0	37174
F87	22578	0	0	0	0	0	0	0	16058	0	71.12	nan	22578	0	11289	0	11289	0	12550	0	55.59	nan	13506	0	2552	0	11.3	nan	240	0	102	0	22578
F88	107656	0	0	0	0	0	0	0	77042	0	71.56	nan	107656	0	53828	0	53828	0	60316	0	56.03	nan	64838	0	12204	0	11.34	nan	1066	0	383	0	107656
F89	136438	0	0	0	0	0	0	0	97878	0	71.74	nan	136438	0	68219	0	68219	0	76222	0	55.87	nan	81708	0	16170	0	11.85	nan	1350	0	436	0	136438
F9	161212	0	0	0	0	0	0	0	83251	0	51.64	nan	161212	0	80606	0	80606	0	76890	0	47.69	nan	82128	0	1123	0	0.7	nan	1202	0	876	0	161212
F90	81686	0	0	0	0	0	0	0	59634	0	73.0	nan	81686	0	40843	0	40843	0	47092	0	57.65	nan	50518	0	9116	0	11.16	nan	890	0	321	0	81686
F91	128388	0	0	0	0	0	0	0	125183	0	97.5	nan	128388	0	64194	0	64194	0	116042	0	90.38	nan	123706	0	1477	0	1.15	nan	1742	0	1349	0	128388
F91_2019	28884	0	0	0	0	0	0	0	26215	0	90.76	nan	28884	0	14442	0	14442	0	22662	0	78.46	nan	25150	0	1065	0	3.69	nan	692	0	435	0	28884
F92	100654	0	0	0	0	0	0	0	73119	0	72.64	nan	100654	0	50327	0	50327	0	57596	0	57.22	nan	61726	0	11393	0	11.32	nan	1290	0	540	0	100654
F93	54586	0	0	0	0	0	0	0	37521	0	68.74	nan	54586	0	27293	0	27293	0	28936	0	53.01	nan	31184	0	6337	0	11.61	nan	648	0	293	0	54586
F94	86142	0	0	0	0	0	0	0	47327	0	54.94	nan	86142	0	43071	0	43071	0	36368	0	42.22	nan	39288	0	8039	0	9.33	nan	924	0	332	0	86142
F95	4538800	0	0	0	0	0	0	0	3179783	0	70.06	nan	4538800	0	2269400	0	2269400	0	2449634	0	53.97	nan	2639778	0	540005	0	11.9	nan	68304	0	24615	0	4538800
F96	2830432	0	0	0	0	0	0	0	1979304	0	69.93	nan	2830432	0	1415216	0	1415216	0	1525488	0	53.9	nan	1639344	0	339960	0	12.01	nan	41594	0	15747	0	2830432
G01	457880	0	0	0	0	0	0	0	325978	0	71.19	nan	457880	0	228940	0	228940	0	245622	0	53.64	nan	264252	0	61726	0	13.48	nan	6998	0	2823	0	457880
G1	375848	0	0	0	0	0	0	0	269778	0	71.78	nan	375848	0	187924	0	187924	0	209560	0	55.76	nan	222806	0	46972	0	12.5	nan	4992	0	1941	0	375848
G10	214762	0	0	0	0	0	0	0	154765	0	72.06	nan	214762	0	107381	0	107381	0	119880	0	55.82	nan	127384	0	27381	0	12.75	nan	3028	0	1096	0	214762
G11	58056	0	0	0	0	0	0	0	40905	0	70.46	nan	58056	0	29028	0	29028	0	31220	0	53.78	nan	33524	0	7381	0	12.71	nan	872	0	330	0	58056
G12	228482	0	0	0	0	0	0	0	163384	0	71.51	nan	228482	0	114241	0	114241	0	125436	0	54.9	nan	133746	0	29638	0	12.97	nan	3346	0	1333	0	228482
G13	114788	0	0	0	0	0	0	0	81215	0	70.75	nan	114788	0	57394	0	57394	0	61828	0	53.86	nan	66218	0	14997	0	13.06	nan	2082	0	977	0	114788
G14	65446	0	0	0	0	0	0	0	45279	0	69.19	nan	65446	0	32723	0	32723	0	34418	0	52.59	nan	37074	0	8205	0	12.54	nan	1208	0	530	0	65446
G15	399392	0	0	0	0	0	0	0	162600	0	40.71	nan	399392	0	199696	0	199696	0	123636	0	30.96	nan	132970	0	29630	0	7.42	nan	3846	0	1706	0	399392
G16	17780	0	0	0	0	0	0	0	12052	0	67.78	nan	17780	0	8890	0	8890	0	9170	0	51.57	nan	9880	0	2172	0	12.22	nan	296	0	130	0	17780
G17	790036	0	0	0	0	0	0	0	764951	0	96.82	nan	790036	0	395018	0	395018	0	710040	0	89.87	nan	750778	0	14173	0	1.79	nan	12144	0	9497	0	790036
G17_2019	12256	0	0	0	0	0	0	0	11607	0	94.7	nan	12256	0	6128	0	6128	0	10274	0	83.83	nan	11200	0	407	0	3.32	nan	270	0	175	0	12256
G18	307136	0	0	0	0	0	0	0	294958	0	96.03	nan	307136	0	153568	0	153568	0	272536	0	88.73	nan	288652	0	6306	0	2.05	nan	5152	0	3932	0	307136
G18_2019	3940	0	0	0	0	0	0	0	3732	0	94.72	nan	3940	0	1970	0	1970	0	3350	0	85.03	nan	3600	0	132	0	3.35	nan	106	0	64	0	3940
G19	65392	0	0	0	0	0	0	0	45536	0	69.64	nan	65392	0	32696	0	32696	0	35102	0	53.68	nan	37500	0	8036	0	12.29	nan	870	0	301	0	65392
G2	242884	0	0	0	0	0	0	0	174581	0	71.88	nan	242884	0	121442	0	121442	0	136266	0	56.1	nan	144896	0	29685	0	12.22	nan	2870	0	1146	0	242884
G20	365618	0	0	0	0	0	0	0	185126	0	50.63	nan	365618	0	182809	0	182809	0	143048	0	39.12	nan	152212	0	32914	0	9.0	nan	3472	0	1362	0	365618
G21	198460	0	0	0	0	0	0	0	133519	0	67.28	nan	198460	0	99230	0	99230	0	103704	0	52.25	nan	110404	0	23115	0	11.65	nan	2720	0	1085	0	198460
G22	134336	0	0	0	0	0	0	0	83879	0	62.44	nan	134336	0	67168	0	67168	0	64278	0	47.85	nan	68592	0	15287	0	11.38	nan	1722	0	722	0	134336
G23	73310	0	0	0	0	0	0	0	52148	0	71.13	nan	73310	0	36655	0	36655	0	40060	0	54.64	nan	43114	0	9034	0	12.32	nan	1216	0	558	0	73310
G24	230568	0	0	0	0	0	0	0	164108	0	71.18	nan	230568	0	115284	0	115284	0	125976	0	54.64	nan	134526	0	29582	0	12.83	nan	3298	0	1292	0	230568
G25	268286	0	0	0	0	0	0	0	190947	0	71.17	nan	268286	0	134143	0	134143	0	147008	0	54.8	nan	156508	0	34439	0	12.84	nan	3770	0	1414	0	268286
G26	209628	0	0	0	0	0	0	0	147279	0	70.26	nan	209628	0	104814	0	104814	0	113488	0	54.14	nan	121312	0	25967	0	12.39	nan	3142	0	1324	0	209628
G27	50116	0	0	0	0	0	0	0	35386	0	70.61	nan	50116	0	25058	0	25058	0	26962	0	53.8	nan	28958	0	6428	0	12.83	nan	736	0	334	0	50116
G28	246524	0	0	0	0	0	0	0	168952	0	68.53	nan	246524	0	123262	0	123262	0	129584	0	52.56	nan	138592	0	30360	0	12.32	nan	3700	0	1487	0	246524
G29	133524	0	0	0	0	0	0	0	95489	0	71.51	nan	133524	0	66762	0	66762	0	73618	0	55.13	nan	78376	0	17113	0	12.82	nan	1770	0	734	0	133524
G3	29286	0	0	0	0	0	0	0	20534	0	70.12	nan	29286	0	14643	0	14643	0	15692	0	53.58	nan	16878	0	3656	0	12.48	nan	458	0	171	0	29286
G30	195808	0	0	0	0	0	0	0	115388	0	58.93	nan	195808	0	97904	0	97904	0	88454	0	45.17	nan	94286	0	21102	0	10.78	nan	2252	0	959	0	195808
G31	45008	0	0	0	0	0	0	0	31583	0	70.17	nan	45008	0	22504	0	22504	0	24494	0	54.42	nan	26132	0	5451	0	12.11	nan	670	0	308	0	45008
G32	112908	0	0	0	0	0	0	0	80520	0	71.31	nan	112908	0	56454	0	56454	0	62068	0	54.97	nan	66366	0	14154	0	12.54	nan	1672	0	676	0	112908
G33	199552	0	0	0	0	0	0	0	143831	0	72.08	nan	199552	0	99776	0	99776	0	111056	0	55.65	nan	118422	0	25409	0	12.73	nan	2792	0	1083	0	199552
G34	234812	0	0	0	0	0	0	0	168485	0	71.75	nan	234812	0	117406	0	117406	0	129756	0	55.26	nan	138460	0	30025	0	12.79	nan	3518	0	1438	0	234812
G35	24846	0	0	0	0	0	0	0	17410	0	70.07	nan	24846	0	12423	0	12423	0	13434	0	54.07	nan	14380	0	3030	0	12.2	nan	372	0	163	0	24846
G36	184514	0	0	0	0	0	0	0	133318	0	72.25	nan	184514	0	92257	0	92257	0	102556	0	55.58	nan	109576	0	23742	0	12.87	nan	3074	0	1290	0	184514
G37	184020	0	0	0	0	0	0	0	132742	0	72.13	nan	184020	0	92010	0	92010	0	101204	0	55.0	nan	108532	0	24210	0	13.16	nan	2814	0	1161	0	184020
G38	133792	0	0	0	0	0	0	0	96456	0	72.09	nan	133792	0	66896	0	66896	0	74994	0	56.05	nan	79900	0	16556	0	12.37	nan	1780	0	762	0	133792
G39	44396	0	0	0	0	0	0	0	31452	0	70.84	nan	44396	0	22198	0	22198	0	23856	0	53.73	nan	25534	0	5918	0	13.33	nan	758	0	339	0	44396
G4	215730	0	0	0	0	0	0	0	151662	0	70.3	nan	215730	0	107865	0	107865	0	115664	0	53.62	nan	123824	0	27838	0	12.9	nan	3730	0	1775	0	215730
G40	88032	0	0	0	0	0	0	0	62759	0	71.29	nan	88032	0	44016	0	44016	0	48156	0	54.7	nan	51544	0	11215	0	12.74	nan	1362	0	526	0	88032
G41	248668	0	0	0	0	0	0	0	171028	0	68.78	nan	248668	0	124334	0	124334	0	127944	0	51.45	nan	138762	0	32266	0	12.98	nan	3754	0	1445	0	248668
G42	122794	0	0	0	0	0	0	0	88401	0	71.99	nan	122794	0	61397	0	61397	0	68254	0	55.58	nan	72800	0	15601	0	12.71	nan	1686	0	664	0	122794
G43	77618	0	0	0	0	0	0	0	55297	0	71.24	nan	77618	0	38809	0	38809	0	43144	0	55.59	nan	46072	0	9225	0	11.89	nan	1020	0	400	0	77618
G44	196846	0	0	0	0	0	0	0	141332	0	71.8	nan	196846	0	98423	0	98423	0	109918	0	55.84	nan	116678	0	24654	0	12.52	nan	2464	0	943	0	196846
G45	141824	0	0	0	0	0	0	0	102298	0	72.13	nan	141824	0	70912	0	70912	0	79542	0	56.09	nan	84470	0	17828	0	12.57	nan	1740	0	689	0	141824
G46	156192	0	0	0	0	0	0	0	113630	0	72.75	nan	156192	0	78096	0	78096	0	88748	0	56.82	nan	93974	0	19656	0	12.58	nan	1740	0	638	0	156192
G47	457120	0	0	0	0	0	0	0	253709	0	55.5	nan	457120	0	228560	0	228560	0	233988	0	51.19	nan	248610	0	5099	0	1.12	nan	4052	0	3011	0	457120
G48	4128	0	0	0	0	0	0	0	3476	0	84.21	nan	4128	0	2064	0	2064	0	2992	0	72.48	nan	3288	0	188	0	4.55	nan	98	0	71	0	4128
G48_rep	89594	0	0	0	0	0	0	0	64425	0	71.91	nan	89594	0	44797	0	44797	0	48258	0	53.86	nan	52428	0	11997	0	13.39	nan	1374	0	473	0	89594
G49	183818	0	0	0	0	0	0	0	122232	0	66.5	nan	183818	0	91909	0	91909	0	94438	0	51.38	nan	100700	0	21532	0	11.71	nan	2446	0	912	0	183818
G5	7334	0	0	0	0	0	0	0	5398	0	73.6	nan	7334	0	3667	0	3667	0	4456	0	60.76	nan	4868	0	530	0	7.23	nan	108	0	76	0	7334
G50	176640	0	0	0	0	0	0	0	126108	0	71.39	nan	176640	0	88320	0	88320	0	96716	0	54.75	nan	102950	0	23158	0	13.11	nan	2494	0	1005	0	176640
G51	16696	0	0	0	0	0	0	0	11787	0	70.6	nan	16696	0	8348	0	8348	0	9216	0	55.2	nan	9812	0	1975	0	11.83	nan	210	0	100	0	16696
G52	310096	0	0	0	0	0	0	0	222656	0	71.8	nan	310096	0	155048	0	155048	0	171370	0	55.26	nan	182914	0	39742	0	12.82	nan	4258	0	1616	0	310096
G53	103010	0	0	0	0	0	0	0	73663	0	71.51	nan	103010	0	51505	0	51505	0	56194	0	54.55	nan	60016	0	13647	0	13.25	nan	1578	0	641	0	103010
G54	23100	0	0	0	0	0	0	0	16306	0	70.59	nan	23100	0	11550	0	11550	0	12528	0	54.23	nan	13352	0	2954	0	12.79	nan	336	0	161	0	23100
G55	59372	0	0	0	0	0	0	0	42109	0	70.92	nan	59372	0	29686	0	29686	0	32424	0	54.61	nan	34742	0	7367	0	12.41	nan	990	0	425	0	59372
G56	40848	0	0	0	0	0	0	0	29062	0	71.15	nan	40848	0	20424	0	20424	0	22368	0	54.76	nan	23904	0	5158	0	12.63	nan	616	0	319	0	40848
G57	201148	0	0	0	0	0	0	0	142916	0	71.05	nan	201148	0	100574	0	100574	0	108916	0	54.15	nan	116954	0	25962	0	12.91	nan	3540	0	1553	0	201148
G58	198782	0	0	0	0	0	0	0	140885	0	70.87	nan	198782	0	99391	0	99391	0	106382	0	53.52	nan	114868	0	26017	0	13.09	nan	3720	0	1679	0	198782
G59	53844	0	0	0	0	0	0	0	38006	0	70.59	nan	53844	0	26922	0	26922	0	28672	0	53.25	nan	30984	0	7022	0	13.04	nan	1086	0	519	0	53844
G5_rep	223306	0	0	0	0	0	0	0	187651	0	84.03	nan	223306	0	111653	0	111653	0	160494	0	71.87	nan	170588	0	17063	0	7.64	nan	3030	0	1821	0	223306
G6	233644	0	0	0	0	0	0	0	166283	0	71.17	nan	233644	0	116822	0	116822	0	127934	0	54.76	nan	136700	0	29583	0	12.66	nan	3542	0	1375	0	233644
G60	211318	0	0	0	0	0	0	0	149378	0	70.69	nan	211318	0	105659	0	105659	0	113850	0	53.88	nan	122134	0	27244	0	12.89	nan	3678	0	1723	0	211318
G61	123346	0	0	0	0	0	0	0	87453	0	70.9	nan	123346	0	61673	0	61673	0	67282	0	54.55	nan	71834	0	15619	0	12.66	nan	1826	0	774	0	123346
G62	155622	0	0	0	0	0	0	0	111977	0	71.95	nan	155622	0	77811	0	77811	0	85830	0	55.15	nan	91748	0	20229	0	13.0	nan	2246	0	977	0	155622
G63	75922	0	0	0	0	0	0	0	53565	0	70.55	nan	75922	0	37961	0	37961	0	40974	0	53.97	nan	44044	0	9521	0	12.54	nan	1304	0	584	0	75922
G64	24462	0	0	0	0	0	0	0	17321	0	70.81	nan	24462	0	12231	0	12231	0	13284	0	54.3	nan	14208	0	3113	0	12.73	nan	340	0	159	0	24462
G65	84584	0	0	0	0	0	0	0	60811	0	71.89	nan	84584	0	42292	0	42292	0	46820	0	55.35	nan	49902	0	10909	0	12.9	nan	1328	0	501	0	84584
G66	80708	0	0	0	0	0	0	0	54495	0	67.52	nan	80708	0	40354	0	40354	0	41682	0	51.65	nan	44702	0	9793	0	12.13	nan	1086	0	435	0	80708
G67	18838	0	0	0	0	0	0	0	13445	0	71.37	nan	18838	0	9419	0	9419	0	9906	0	52.59	nan	11192	0	2253	0	11.96	nan	654	0	143	0	18838
G68	174084	0	0	0	0	0	0	0	125372	0	72.02	nan	174084	0	87042	0	87042	0	95876	0	55.07	nan	102538	0	22834	0	13.12	nan	2624	0	1044	0	174084
G69	80700	0	0	0	0	0	0	0	57935	0	71.79	nan	80700	0	40350	0	40350	0	44688	0	55.38	nan	47620	0	10315	0	12.78	nan	1138	0	454	0	80700
G7	455792	0	0	0	0	0	0	0	439919	0	96.52	nan	455792	0	227896	0	227896	0	404920	0	88.84	nan	430316	0	9603	0	2.11	nan	7116	0	5290	0	455792
G70	92116	0	0	0	0	0	0	0	65101	0	70.67	nan	92116	0	46058	0	46058	0	50166	0	54.46	nan	53412	0	11689	0	12.69	nan	1114	0	423	0	92116
G71	81120	0	0	0	0	0	0	0	57049	0	70.33	nan	81120	0	40560	0	40560	0	43904	0	54.12	nan	46980	0	10069	0	12.41	nan	1122	0	477	0	81120
G72	80800	0	0	0	0	0	0	0	57813	0	71.55	nan	80800	0	40400	0	40400	0	44162	0	54.66	nan	47452	0	10361	0	12.82	nan	1234	0	538	0	80800
G73	131240	0	0	0	0	0	0	0	92866	0	70.76	nan	131240	0	65620	0	65620	0	70660	0	53.84	nan	75862	0	17004	0	12.96	nan	2402	0	1058	0	131240
G74	93688	0	0	0	0	0	0	0	66181	0	70.64	nan	93688	0	46844	0	46844	0	50626	0	54.04	nan	54292	0	11889	0	12.69	nan	1692	0	737	0	93688
G75	12638	0	0	0	0	0	0	0	8854	0	70.06	nan	12638	0	6319	0	6319	0	6824	0	54.0	nan	7298	0	1556	0	12.31	nan	188	0	94	0	12638
G76	232450	0	0	0	0	0	0	0	165097	0	71.02	nan	232450	0	116225	0	116225	0	125980	0	54.2	nan	135426	0	29671	0	12.76	nan	4350	0	1993	0	232450
G77	79526	0	0	0	0	0	0	0	56347	0	70.85	nan	79526	0	39763	0	39763	0	42562	0	53.52	nan	45620	0	10727	0	13.49	nan	1472	0	718	0	79526
G78	101996	0	0	0	0	0	0	0	73755	0	72.31	nan	101996	0	50998	0	50998	0	57408	0	56.28	nan	60978	0	12777	0	12.53	nan	1260	0	427	0	101996
G79	56342	0	0	0	0	0	0	0	40709	0	72.25	nan	56342	0	28171	0	28171	0	31664	0	56.2	nan	33792	0	6917	0	12.28	nan	780	0	297	0	56342
G7_2019	9636	0	0	0	0	0	0	0	9022	0	93.63	nan	9636	0	4818	0	4818	0	7794	0	80.88	nan	8632	0	390	0	4.05	nan	276	0	170	0	9636
G8	266074	0	0	0	0	0	0	0	257767	0	96.88	nan	266074	0	133037	0	133037	0	239204	0	89.9	nan	252690	0	5077	0	1.91	nan	4418	0	3374	0	266074
G80	66596	0	0	0	0	0	0	0	43291	0	65.01	nan	66596	0	33298	0	33298	0	32932	0	49.45	nan	35366	0	7925	0	11.9	nan	1018	0	488	0	66596
G81	392438	0	0	0	0	0	0	0	155135	0	39.53	nan	392438	0	196219	0	196219	0	118730	0	30.25	nan	127208	0	27927	0	7.12	nan	3182	0	1200	0	392438
G82	145504	0	0	0	0	0	0	0	101775	0	69.95	nan	145504	0	72752	0	72752	0	78260	0	53.79	nan	83734	0	18041	0	12.4	nan	2188	0	914	0	145504
G83	16712	0	0	0	0	0	0	0	11989	0	71.74	nan	16712	0	8356	0	8356	0	9272	0	55.48	nan	9916	0	2073	0	12.4	nan	216	0	69	0	16712
G84	166926	0	0	0	0	0	0	0	120916	0	72.44	nan	166926	0	83463	0	83463	0	93632	0	56.09	nan	99836	0	21080	0	12.63	nan	2432	0	1005	0	166926
G85	167212	0	0	0	0	0	0	0	121421	0	72.62	nan	167212	0	83606	0	83606	0	94530	0	56.53	nan	99944	0	21477	0	12.84	nan	1814	0	686	0	167212
G86	90734	0	0	0	0	0	0	0	66269	0	73.04	nan	90734	0	45367	0	45367	0	51936	0	57.24	nan	55354	0	10915	0	12.03	nan	1192	0	529	0	90734
G87	136104	0	0	0	0	0	0	0	98168	0	72.13	nan	136104	0	68052	0	68052	0	76246	0	56.02	nan	81186	0	16982	0	12.48	nan	1886	0	869	0	136104
G88	82458	0	0	0	0	0	0	0	59799	0	72.52	nan	82458	0	41229	0	41229	0	47016	0	57.02	nan	49938	0	9861	0	11.96	nan	812	0	347	0	82458
G89	733600	0	0	0	0	0	0	0	715032	0	97.47	nan	733600	0	366800	0	366800	0	670448	0	91.39	nan	703706	0	11326	0	1.54	nan	10292	0	7920	0	733600
G8_2019	28976	0	0	0	0	0	0	0	26904	0	92.85	nan	28976	0	14488	0	14488	0	23140	0	79.86	nan	25648	0	1256	0	4.33	nan	802	0	508	0	28976
G9	361556	0	0	0	0	0	0	0	215207	0	59.52	nan	361556	0	180778	0	180778	0	165724	0	45.84	nan	177022	0	38185	0	10.56	nan	4392	0	1721	0	361556
G90	141754	0	0	0	0	0	0	0	138098	0	97.42	nan	141754	0	70877	0	70877	0	129842	0	91.6	nan	136048	0	2050	0	1.45	nan	1868	0	1441	0	141754
G91	3312	0	0	0	0	0	0	0	3097	0	93.51	nan	3312	0	1656	0	1656	0	2866	0	86.53	nan	3004	0	93	0	2.81	nan	52	0	38	0	3312
G92	233704	0	0	0	0	0	0	0	228552	0	97.8	nan	233704	0	116852	0	116852	0	214434	0	91.75	nan	225248	0	3304	0	1.41	nan	3030	0	2216	0	233704
G93	1940	0	0	0	0	0	0	0	1307	0	67.37	nan	1940	0	970	0	970	0	964	0	49.69	nan	1070	0	237	0	12.22	nan	44	0	19	0	1940
G94	39158	0	0	0	0	0	0	0	27304	0	69.73	nan	39158	0	19579	0	19579	0	20816	0	53.16	nan	22292	0	5012	0	12.8	nan	492	0	226	0	39158
G95	714	0	0	0	0	0	0	0	470	0	65.83	nan	714	0	357	0	357	0	358	0	50.14	nan	372	0	98	0	13.73	nan	10	0	6	0	714
G96	256	0	0	0	0	0	0	0	150	0	58.59	nan	256	0	128	0	128	0	94	0	36.72	nan	110	0	40	0	15.62	nan	10	0	2	0	256
H1	163594	0	0	0	0	0	0	0	120346	0	73.56	nan	163594	0	81797	0	81797	0	97446	0	59.57	nan	102724	0	17622	0	10.77	nan	1376	0	582	0	163594
H10	84916	0	0	0	0	0	0	0	60543	0	71.3	nan	84916	0	42458	0	42458	0	47646	0	56.11	nan	50522	0	10021	0	11.8	nan	950	0	283	0	84916
H11	49348	0	0	0	0	0	0	0	45722	0	92.65	nan	49348	0	24674	0	24674	0	41652	0	84.4	nan	44330	0	1392	0	2.82	nan	792	0	583	0	49348
H11_2019	31972	0	0	0	0	0	0	0	30337	0	94.89	nan	31972	0	15986	0	15986	0	26596	0	83.19	nan	29200	0	1137	0	3.56	nan	714	0	480	0	31972
H12	174586	0	0	0	0	0	0	0	106871	0	61.21	nan	174586	0	87293	0	87293	0	84986	0	48.68	nan	90138	0	16733	0	9.58	nan	1744	0	729	0	174586
H13	90826	0	0	0	0	0	0	0	88566	0	97.51	nan	90826	0	45413	0	45413	0	83464	0	91.89	nan	87262	0	1304	0	1.44	nan	1106	0	788	0	90826
H14	147552	0	0	0	0	0	0	0	143024	0	96.93	nan	147552	0	73776	0	73776	0	134186	0	90.94	nan	140940	0	2084	0	1.41	nan	1820	0	1352	0	147552
H15	81610	0	0	0	0	0	0	0	79830	0	97.82	nan	81610	0	40805	0	40805	0	74870	0	91.74	nan	78708	0	1122	0	1.37	nan	1046	0	762	0	81610
H16	85504	0	0	0	0	0	0	0	82636	0	96.65	nan	85504	0	42752	0	42752	0	77606	0	90.76	nan	81368	0	1268	0	1.48	nan	976	0	710	0	85504
H17	186402	0	0	0	0	0	0	0	99917	0	53.6	nan	186402	0	93201	0	93201	0	76524	0	41.05	nan	82112	0	17805	0	9.55	nan	1998	0	775	0	186402
H18	253576	0	0	0	0	0	0	0	139409	0	54.98	nan	253576	0	126788	0	126788	0	107472	0	42.38	nan	114500	0	24909	0	9.82	nan	2564	0	987	0	253576
H19	159146	0	0	0	0	0	0	0	113507	0	71.32	nan	159146	0	79573	0	79573	0	87526	0	55.0	nan	93338	0	20169	0	12.67	nan	1952	0	682	0	159146
H2	133058	0	0	0	0	0	0	0	96206	0	72.3	nan	133058	0	66529	0	66529	0	77434	0	58.2	nan	81870	0	14336	0	10.77	nan	1132	0	440	0	133058
H20	211468	0	0	0	0	0	0	0	148313	0	70.13	nan	211468	0	105734	0	105734	0	114272	0	54.04	nan	122076	0	26237	0	12.41	nan	2920	0	1073	0	211468
H21	160094	0	0	0	0	0	0	0	117275	0	73.25	nan	160094	0	80047	0	80047	0	93018	0	58.1	nan	98690	0	18585	0	11.61	nan	1962	0	676	0	160094
H22	165398	0	0	0	0	0	0	0	118643	0	71.73	nan	165398	0	82699	0	82699	0	91380	0	55.25	nan	97482	0	21161	0	12.79	nan	2124	0	746	0	165398
H23	193888	0	0	0	0	0	0	0	138046	0	71.2	nan	193888	0	96944	0	96944	0	105272	0	54.3	nan	113324	0	24722	0	12.75	nan	2870	0	1218	0	193888
H24	19484	0	0	0	0	0	0	0	13606	0	69.83	nan	19484	0	9742	0	9742	0	10610	0	54.45	nan	11348	0	2258	0	11.59	nan	282	0	102	0	19484
H25	154846	0	0	0	0	0	0	0	108848	0	70.29	nan	154846	0	77423	0	77423	0	84056	0	54.28	nan	89498	0	19350	0	12.5	nan	2012	0	782	0	154846
H26	125194	0	0	0	0	0	0	0	80519	0	64.32	nan	125194	0	62597	0	62597	0	62534	0	49.95	nan	66842	0	13677	0	10.92	nan	1694	0	707	0	125194
H27	142168	0	0	0	0	0	0	0	101846	0	71.64	nan	142168	0	71084	0	71084	0	78486	0	55.21	nan	83774	0	18072	0	12.71	nan	1876	0	756	0	142168
H28	80846	0	0	0	0	0	0	0	56581	0	69.99	nan	80846	0	40423	0	40423	0	43466	0	53.76	nan	46460	0	10121	0	12.52	nan	1128	0	498	0	80846
H29	142330	0	0	0	0	0	0	0	137734	0	96.77	nan	142330	0	71165	0	71165	0	128808	0	90.5	nan	135428	0	2306	0	1.62	nan	1824	0	1299	0	142330
H3	149752	0	0	0	0	0	0	0	111569	0	74.5	nan	149752	0	74876	0	74876	0	90854	0	60.67	nan	95714	0	15855	0	10.59	nan	1416	0	444	0	149752
H30	154758	0	0	0	0	0	0	0	150399	0	97.18	nan	154758	0	77379	0	77379	0	141542	0	91.46	nan	148246	0	2153	0	1.39	nan	1932	0	1383	0	154758
H31	62392	0	0	0	0	0	0	0	59996	0	96.16	nan	62392	0	31196	0	31196	0	56446	0	90.47	nan	59122	0	874	0	1.4	nan	616	0	437	0	62392
H32	88124	0	0	0	0	0	0	0	85060	0	96.52	nan	88124	0	44062	0	44062	0	79792	0	90.55	nan	83796	0	1264	0	1.43	nan	1090	0	800	0	88124
H33	86728	0	0	0	0	0	0	0	63672	0	73.42	nan	86728	0	43364	0	43364	0	51312	0	59.16	nan	54110	0	9562	0	11.03	nan	866	0	358	0	86728
H34	64024	0	0	0	0	0	0	0	47049	0	73.49	nan	64024	0	32012	0	32012	0	37906	0	59.21	nan	39976	0	7073	0	11.05	nan	518	0	160	0	64024
H35	102650	0	0	0	0	0	0	0	76648	0	74.67	nan	102650	0	51325	0	51325	0	62842	0	61.22	nan	65802	0	10846	0	10.57	nan	752	0	284	0	102650
H36	96632	0	0	0	0	0	0	0	72755	0	75.29	nan	96632	0	48316	0	48316	0	58766	0	60.81	nan	62008	0	10747	0	11.12	nan	1018	0	305	0	96632
H37	62558	0	0	0	0	0	0	0	61044	0	97.58	nan	62558	0	31279	0	31279	0	57236	0	91.49	nan	60154	0	890	0	1.42	nan	772	0	569	0	62558
H38	73440	0	0	0	0	0	0	0	71575	0	97.46	nan	73440	0	36720	0	36720	0	66926	0	91.13	nan	70422	0	1153	0	1.57	nan	958	0	678	0	73440
H39	82968	0	0	0	0	0	0	0	80199	0	96.66	nan	82968	0	41484	0	41484	0	75200	0	90.64	nan	78972	0	1227	0	1.48	nan	1074	0	771	0	82968
H4	151034	0	0	0	0	0	0	0	146737	0	97.15	nan	151034	0	75517	0	75517	0	137612	0	91.11	nan	144492	0	2245	0	1.49	nan	2080	0	1541	0	151034
H40	23610	0	0	0	0	0	0	0	22929	0	97.12	nan	23610	0	11805	0	11805	0	21502	0	91.07	nan	22564	0	365	0	1.55	nan	300	0	223	0	23610
H41	343630	0	0	0	0	0	0	0	97817	0	28.47	nan	343630	0	171815	0	171815	0	75410	0	21.95	nan	80480	0	17337	0	5.05	nan	1852	0	672	0	343630
H42	49440	0	0	0	0	0	0	0	20069	0	40.59	nan	49440	0	24720	0	24720	0	15768	0	31.89	nan	16774	0	3295	0	6.66	nan	386	0	156	0	49440
H43	130802	0	0	0	0	0	0	0	126404	0	96.64	nan	130802	0	65401	0	65401	0	118544	0	90.63	nan	124370	0	2034	0	1.56	nan	1640	0	1216	0	130802
H44	172730	0	0	0	0	0	0	0	168310	0	97.44	nan	172730	0	86365	0	86365	0	158116	0	91.54	nan	165908	0	2402	0	1.39	nan	2010	0	1479	0	172730
H45	136632	0	0	0	0	0	0	0	133286	0	97.55	nan	136632	0	68316	0	68316	0	125174	0	91.61	nan	131306	0	1980	0	1.45	nan	1718	0	1178	0	136632
H46	116124	0	0	0	0	0	0	0	112885	0	97.21	nan	116124	0	58062	0	58062	0	105708	0	91.03	nan	111084	0	1801	0	1.55	nan	1510	0	1111	0	116124
H47	97204	0	0	0	0	0	0	0	71443	0	73.5	nan	97204	0	48602	0	48602	0	57634	0	59.29	nan	60786	0	10657	0	10.96	nan	838	0	351	0	97204
H48	89414	0	0	0	0	0	0	0	66407	0	74.27	nan	89414	0	44707	0	44707	0	53422	0	59.75	nan	56750	0	9657	0	10.8	nan	1006	0	401	0	89414
H49	152950	0	0	0	0	0	0	0	113761	0	74.38	nan	152950	0	76475	0	76475	0	92106	0	60.22	nan	96936	0	16825	0	11.0	nan	1338	0	446	0	152950
H5	121594	0	0	0	0	0	0	0	118070	0	97.1	nan	121594	0	60797	0	60797	0	110716	0	91.05	nan	116266	0	1804	0	1.48	nan	1654	0	1302	0	121594
H50	102186	0	0	0	0	0	0	0	76571	0	74.93	nan	102186	0	51093	0	51093	0	62140	0	60.81	nan	65608	0	10963	0	10.73	nan	1072	0	418	0	102186
H51	52496	0	0	0	0	0	0	0	50464	0	96.13	nan	52496	0	26248	0	26248	0	47278	0	90.06	nan	49632	0	832	0	1.58	nan	568	0	430	0	52496
H52	97354	0	0	0	0	0	0	0	94603	0	97.17	nan	97354	0	48677	0	48677	0	88640	0	91.05	nan	93154	0	1449	0	1.49	nan	1318	0	993	0	97354
H53	160182	0	0	0	0	0	0	0	156198	0	97.51	nan	160182	0	80091	0	80091	0	146814	0	91.65	nan	154048	0	2150	0	1.34	nan	1994	0	1452	0	160182
H54	44734	0	0	0	0	0	0	0	42876	0	95.85	nan	44734	0	22367	0	22367	0	40312	0	90.11	nan	42214	0	662	0	1.48	nan	504	0	378	0	44734
H55	100740	0	0	0	0	0	0	0	75933	0	75.38	nan	100740	0	50370	0	50370	0	61442	0	60.99	nan	64762	0	11171	0	11.09	nan	874	0	332	0	100740
H56	26604	0	0	0	0	0	0	0	19983	0	75.11	nan	26604	0	13302	0	13302	0	16414	0	61.7	nan	17340	0	2643	0	9.93	nan	238	0	104	0	26604
H57	83304	0	0	0	0	0	0	0	61972	0	74.39	nan	83304	0	41652	0	41652	0	50342	0	60.43	nan	53180	0	8792	0	10.55	nan	820	0	292	0	83304
H58	160036	0	0	0	0	0	0	0	119080	0	74.41	nan	160036	0	80018	0	80018	0	96692	0	60.42	nan	101782	0	17298	0	10.81	nan	1356	0	441	0	160036
H59	155316	0	0	0	0	0	0	0	151015	0	97.23	nan	155316	0	77658	0	77658	0	141644	0	91.2	nan	148738	0	2277	0	1.47	nan	1862	0	1364	0	155316
H6	99594	0	0	0	0	0	0	0	96886	0	97.28	nan	99594	0	49797	0	49797	0	90632	0	91.0	nan	95378	0	1508	0	1.51	nan	1466	0	1104	0	99594
H60	81532	0	0	0	0	0	0	0	79156	0	97.09	nan	81532	0	40766	0	40766	0	74324	0	91.16	nan	77924	0	1232	0	1.51	nan	1036	0	793	0	81532
H61	736	0	0	0	0	0	0	0	444	0	60.33	nan	736	0	368	0	368	0	384	0	52.17	nan	394	0	50	0	6.79	nan	0	0	0	0	736
H62	137384	0	0	0	0	0	0	0	133771	0	97.37	nan	137384	0	68692	0	68692	0	125368	0	91.25	nan	131880	0	1891	0	1.38	nan	1642	0	1258	0	137384
H63	103656	0	0	0	0	0	0	0	72282	0	69.73	nan	103656	0	51828	0	51828	0	55584	0	53.62	nan	59378	0	12904	0	12.45	nan	1330	0	543	0	103656
H64	201274	0	0	0	0	0	0	0	145336	0	72.21	nan	201274	0	100637	0	100637	0	112864	0	56.07	nan	119648	0	25688	0	12.76	nan	2142	0	769	0	201274
H65	175166	0	0	0	0	0	0	0	151631	0	86.56	nan	175166	0	87583	0	87583	0	140330	0	80.11	nan	148980	0	2651	0	1.51	nan	2246	0	1704	0	175166
H65_2019	48844	0	0	0	0	0	0	0	36408	0	74.54	nan	48844	0	24422	0	24422	0	30950	0	63.37	nan	34502	0	1906	0	3.9	nan	1084	0	702	0	48844
H66	289014	0	0	0	0	0	0	0	275951	0	95.48	nan	289014	0	144507	0	144507	0	254836	0	88.17	nan	270220	0	5731	0	1.98	nan	4642	0	3479	0	289014
H66_2019	11138	0	0	0	0	0	0	0	10632	0	95.46	nan	11138	0	5569	0	5569	0	9362	0	84.05	nan	10218	0	414	0	3.72	nan	270	0	185	0	11138
H67	114974	0	0	0	0	0	0	0	82817	0	72.03	nan	114974	0	57487	0	57487	0	63608	0	55.32	nan	68226	0	14591	0	12.69	nan	1698	0	575	0	114974
H68	155150	0	0	0	0	0	0	0	114208	0	73.61	nan	155150	0	77575	0	77575	0	90418	0	58.28	nan	95938	0	18270	0	11.78	nan	1984	0	750	0	155150
H69	151732	0	0	0	0	0	0	0	146311	0	96.43	nan	151732	0	75866	0	75866	0	135516	0	89.31	nan	143324	0	2987	0	1.97	nan	2320	0	1730	0	151732
H69_2019	53482	0	0	0	0	0	0	0	49389	0	92.35	nan	53482	0	26741	0	26741	0	42178	0	78.86	nan	47086	0	2303	0	4.31	nan	1544	0	979	0	53482
H7	116672	0	0	0	0	0	0	0	112168	0	96.14	nan	116672	0	58336	0	58336	0	104902	0	89.91	nan	110312	0	1856	0	1.59	nan	1400	0	1043	0	116672
H70	71036	0	0	0	0	0	0	0	50952	0	71.73	nan	71036	0	35518	0	35518	0	39380	0	55.44	nan	41938	0	9014	0	12.69	nan	816	0	268	0	71036
H71	141778	0	0	0	0	0	0	0	75878	0	53.52	nan	141778	0	70889	0	70889	0	58774	0	41.45	nan	62498	0	13380	0	9.44	nan	1408	0	521	0	141778
H72	135516	0	0	0	0	0	0	0	97028	0	71.6	nan	135516	0	67758	0	67758	0	74704	0	55.13	nan	79814	0	17214	0	12.7	nan	2004	0	820	0	135516
H8	211416	0	0	0	0	0	0	0	190875	0	90.28	nan	211416	0	105708	0	105708	0	176192	0	83.34	nan	186906	0	3969	0	1.88	nan	3490	0	2520	0	211416
H8_2019	10744	0	0	0	0	0	0	0	7688	0	71.56	nan	10744	0	5372	0	5372	0	6586	0	61.3	nan	7302	0	386	0	3.59	nan	244	0	147	0	10744
H9	212170	0	0	0	0	0	0	0	147902	0	69.71	nan	212170	0	106085	0	106085	0	113552	0	53.52	nan	121018	0	26884	0	12.67	nan	2484	0	881	0	212170
I01	168088	0	0	0	0	0	0	0	152805	0	90.91	nan	168088	0	84044	0	84044	0	139052	0	82.73	nan	147918	0	4887	0	2.91	nan	2810	0	2143	0	168088
I02	184396	0	0	0	0	0	0	0	172189	0	93.38	nan	184396	0	92198	0	92198	0	158200	0	85.79	nan	167964	0	4225	0	2.29	nan	2666	0	1961	0	184396
I03	192928	0	0	0	0	0	0	0	180779	0	93.7	nan	192928	0	96464	0	96464	0	166482	0	86.29	nan	176926	0	3853	0	2.0	nan	3274	0	2488	0	192928
I04	159788	0	0	0	0	0	0	0	146626	0	91.76	nan	159788	0	79894	0	79894	0	134558	0	84.21	nan	142822	0	3804	0	2.38	nan	2796	0	2086	0	159788
I05	242822	0	0	0	0	0	0	0	222982	0	91.83	nan	242822	0	121411	0	121411	0	204442	0	84.19	nan	217378	0	5604	0	2.31	nan	4050	0	3066	0	242822
I06	207240	0	0	0	0	0	0	0	197814	0	95.45	nan	207240	0	103620	0	103620	0	183444	0	88.52	nan	194106	0	3708	0	1.79	nan	3166	0	2415	0	207240
I07	160216	0	0	0	0	0	0	0	154472	0	96.41	nan	160216	0	80108	0	80108	0	142914	0	89.2	nan	151566	0	2906	0	1.81	nan	2724	0	2104	0	160216
I08	144090	0	0	0	0	0	0	0	138954	0	96.44	nan	144090	0	72045	0	72045	0	128496	0	89.18	nan	136400	0	2554	0	1.77	nan	2318	0	1778	0	144090
I09	407934	0	0	0	0	0	0	0	387234	0	94.93	nan	407934	0	203967	0	203967	0	358040	0	87.77	nan	379286	0	7948	0	1.95	nan	6578	0	5134	0	407934
I10	107232	0	0	0	0	0	0	0	101825	0	94.96	nan	107232	0	53616	0	53616	0	93802	0	87.48	nan	99722	0	2103	0	1.96	nan	1668	0	1241	0	107232
I11	86044	0	0	0	0	0	0	0	82528	0	95.91	nan	86044	0	43022	0	43022	0	76398	0	88.79	nan	81012	0	1516	0	1.76	nan	1532	0	1181	0	86044
I12	269614	0	0	0	0	0	0	0	257067	0	95.35	nan	269614	0	134807	0	134807	0	236582	0	87.75	nan	252006	0	5061	0	1.88	nan	4438	0	3450	0	269614
I13	604286	0	0	0	0	0	0	0	496539	0	82.17	nan	604286	0	302143	0	302143	0	457802	0	75.76	nan	485828	0	10711	0	1.77	nan	8386	0	6122	0	604286
I14	397824	0	0	0	0	0	0	0	351517	0	88.36	nan	397824	0	198912	0	198912	0	325046	0	81.71	nan	345326	0	6191	0	1.56	nan	6012	0	4563	0	397824
I15	411968	0	0	0	0	0	0	0	393110	0	95.42	nan	411968	0	205984	0	205984	0	362790	0	88.06	nan	385666	0	7444	0	1.81	nan	6740	0	4894	0	411968
I16	338910	0	0	0	0	0	0	0	315161	0	92.99	nan	338910	0	169455	0	169455	0	291654	0	86.06	nan	308698	0	6463	0	1.91	nan	5422	0	4145	0	338910
I17	210170	0	0	0	0	0	0	0	187254	0	89.1	nan	210170	0	105085	0	105085	0	172998	0	82.31	nan	183314	0	3940	0	1.87	nan	3328	0	2463	0	210170
I18	465836	0	0	0	0	0	0	0	435895	0	93.57	nan	465836	0	232918	0	232918	0	403372	0	86.59	nan	427992	0	7903	0	1.7	nan	7054	0	5273	0	465836
I19	348376	0	0	0	0	0	0	0	327393	0	93.98	nan	348376	0	174188	0	174188	0	302944	0	86.96	nan	321506	0	5887	0	1.69	nan	5182	0	4034	0	348376
I20	688704	0	0	0	0	0	0	0	591896	0	85.94	nan	688704	0	344352	0	344352	0	544756	0	79.1	nan	580238	0	11658	0	1.69	nan	10030	0	7474	0	688704
I21	503244	0	0	0	0	0	0	0	445709	0	88.57	nan	503244	0	251622	0	251622	0	411878	0	81.84	nan	436526	0	9183	0	1.82	nan	7680	0	5635	0	503244
I22	284230	0	0	0	0	0	0	0	269713	0	94.89	nan	284230	0	142115	0	142115	0	250254	0	88.05	nan	264908	0	4805	0	1.69	nan	4442	0	3455	0	284230
I23	429392	0	0	0	0	0	0	0	365249	0	85.06	nan	429392	0	214696	0	214696	0	336224	0	78.3	nan	357462	0	7787	0	1.81	nan	6414	0	4918	0	429392
I24	504794	0	0	0	0	0	0	0	465983	0	92.31	nan	504794	0	252397	0	252397	0	429566	0	85.1	nan	456222	0	9761	0	1.93	nan	7392	0	5599	0	504794
J14	67948	0	0	0	0	0	0	0	45349	0	66.74	nan	67948	0	33974	0	33974	0	34780	0	51.19	nan	37254	0	8095	0	11.91	nan	1052	0	473	0	67948
J15	81812	0	0	0	0	0	0	0	57831	0	70.69	nan	81812	0	40906	0	40906	0	44334	0	54.19	nan	47564	0	10267	0	12.55	nan	1314	0	520	0	81812
J16	149872	0	0	0	0	0	0	0	84209	0	56.19	nan	149872	0	74936	0	74936	0	64110	0	42.78	nan	68796	0	15413	0	10.28	nan	1778	0	755	0	149872
J17	111844	0	0	0	0	0	0	0	77641	0	69.42	nan	111844	0	55922	0	55922	0	59156	0	52.89	nan	63470	0	14171	0	12.67	nan	1690	0	709	0	111844
J18	173980	0	0	0	0	0	0	0	117316	0	67.43	nan	173980	0	86990	0	86990	0	88738	0	51.0	nan	95394	0	21922	0	12.6	nan	2624	0	1085	0	173980
J19	227996	0	0	0	0	0	0	0	163774	0	71.83	nan	227996	0	113998	0	113998	0	124452	0	54.59	nan	133908	0	29866	0	13.1	nan	3668	0	1350	0	227996
J20	192876	0	0	0	0	0	0	0	138637	0	71.88	nan	192876	0	96438	0	96438	0	105462	0	54.68	nan	113006	0	25631	0	13.29	nan	3050	0	1315	0	192876
J21	44350	0	0	0	0	0	0	0	31305	0	70.59	nan	44350	0	22175	0	22175	0	23786	0	53.63	nan	25574	0	5731	0	12.92	nan	682	0	301	0	44350
J22	62144	0	0	0	0	0	0	0	40473	0	65.13	nan	62144	0	31072	0	31072	0	30888	0	49.7	nan	33142	0	7331	0	11.8	nan	972	0	344	0	62144
J23	182444	0	0	0	0	0	0	0	129662	0	71.07	nan	182444	0	91222	0	91222	0	98710	0	54.1	nan	105894	0	23768	0	13.03	nan	2936	0	1236	0	182444
J24	263042	0	0	0	0	0	0	0	190112	0	72.27	nan	263042	0	131521	0	131521	0	145242	0	55.22	nan	155608	0	34504	0	13.12	nan	3758	0	1550	0	263042
J25	93512	0	0	0	0	0	0	0	66402	0	71.01	nan	93512	0	46756	0	46756	0	50420	0	53.92	nan	54222	0	12180	0	13.03	nan	1510	0	669	0	93512
J26	1106904	0	0	0	0	0	0	0	214569	0	19.38	nan	1106904	0	553452	0	553452	0	162516	0	14.68	nan	174646	0	39923	0	3.61	nan	4612	0	1860	0	1106904
J27	259104	0	0	0	0	0	0	0	182037	0	70.26	nan	259104	0	129552	0	129552	0	138916	0	53.61	nan	149002	0	33035	0	12.75	nan	4008	0	1590	0	259104
K1	282066	0	0	0	0	0	0	0	152087	0	53.92	nan	282066	0	141033	0	141033	0	115794	0	41.05	nan	124520	0	27567	0	9.77	nan	3392	0	1363	0	282066
K2	169688	0	0	0	0	0	0	0	120759	0	71.17	nan	169688	0	84844	0	84844	0	91810	0	54.11	nan	98756	0	22003	0	12.97	nan	2786	0	1162	0	169688
K3	177876	0	0	0	0	0	0	0	125274	0	70.43	nan	177876	0	88938	0	88938	0	95510	0	53.69	nan	102510	0	22764	0	12.8	nan	2730	0	1147	0	177876
K31	135472	0	0	0	0	0	0	0	5326	0	3.93	nan	135472	0	67736	0	67736	0	3864	0	2.85	nan	4222	0	1104	0	0.81	nan	142	0	75	0	135472
K32	197996	0	0	0	0	0	0	0	113384	0	57.27	nan	197996	0	98998	0	98998	0	85702	0	43.28	nan	92192	0	21192	0	10.7	nan	2312	0	948	0	197996
K33	174746	0	0	0	0	0	0	0	92444	0	52.9	nan	174746	0	87373	0	87373	0	70308	0	40.23	nan	75504	0	16940	0	9.69	nan	2020	0	813	0	174746
K34	319652	0	0	0	0	0	0	0	107213	0	33.54	nan	319652	0	159826	0	159826	0	82050	0	25.67	nan	87750	0	19463	0	6.09	nan	2278	0	959	0	319652
K4	129856	0	0	0	0	0	0	0	92111	0	70.93	nan	129856	0	64928	0	64928	0	70116	0	54.0	nan	75052	0	17059	0	13.14	nan	1894	0	747	0	129856
K5	136568	0	0	0	0	0	0	0	92721	0	67.89	nan	136568	0	68284	0	68284	0	70296	0	51.47	nan	75568	0	17153	0	12.56	nan	2120	0	835	0	136568
K6	1596866	0	0	0	0	0	0	0	1666	0	0.1	nan	1596866	0	798433	0	798433	0	826	0	0.05	nan	902	0	764	0	0.05	nan	36	0	13	0	1596866
K7	588	0	0	0	0	0	0	0	151	0	25.68	nan	588	0	294	0	294	0	104	0	17.69	nan	118	0	33	0	5.61	nan	2	0	2	0	588
K8	4099900	0	0	0	0	0	0	0	11089	0	0.27	nan	4099900	0	2049950	0	2049950	0	7124	0	0.17	nan	7684	0	3405	0	0.08	nan	190	0	83	0	4099900
L1	240336	0	0	0	0	0	0	0	166446	0	69.26	nan	240336	0	120168	0	120168	0	127192	0	52.92	nan	136140	0	30306	0	12.61	nan	3548	0	1250	0	240336
L10	53642	0	0	0	0	0	0	0	37519	0	69.94	nan	53642	0	26821	0	26821	0	28608	0	53.33	nan	30578	0	6941	0	12.94	nan	764	0	264	0	53642
L11	201168	0	0	0	0	0	0	0	142219	0	70.7	nan	201168	0	100584	0	100584	0	108250	0	53.81	nan	116318	0	25901	0	12.88	nan	3276	0	1469	0	201168
L12	310374	0	0	0	0	0	0	0	169832	0	54.72	nan	310374	0	155187	0	155187	0	129428	0	41.7	nan	138918	0	30914	0	9.96	nan	3580	0	1511	0	310374
L13	196466	0	0	0	0	0	0	0	138969	0	70.73	nan	196466	0	98233	0	98233	0	105642	0	53.77	nan	113184	0	25785	0	13.12	nan	2744	0	1140	0	196466
L14	159090	0	0	0	0	0	0	0	110034	0	69.16	nan	159090	0	79545	0	79545	0	83834	0	52.7	nan	90066	0	19968	0	12.55	nan	2680	0	1153	0	159090
L15	111322	0	0	0	0	0	0	0	79398	0	71.32	nan	111322	0	55661	0	55661	0	60500	0	54.35	nan	64748	0	14650	0	13.16	nan	1658	0	694	0	111322
L16	155990	0	0	0	0	0	0	0	110908	0	71.1	nan	155990	0	77995	0	77995	0	84096	0	53.91	nan	90452	0	20456	0	13.11	nan	2424	0	933	0	155990
L17	151836	0	0	0	0	0	0	0	108947	0	71.75	nan	151836	0	75918	0	75918	0	82860	0	54.57	nan	88840	0	20107	0	13.24	nan	2244	0	922	0	151836
L18	2280	0	0	0	0	0	0	0	1518	0	66.58	nan	2280	0	1140	0	1140	0	1138	0	49.91	nan	1214	0	304	0	13.33	nan	24	0	11	0	2280
L18_rep	64658	0	0	0	0	0	0	0	46444	0	71.83	nan	64658	0	32329	0	32329	0	35144	0	54.35	nan	37820	0	8624	0	13.34	nan	996	0	364	0	64658
L19	853958	0	0	0	0	0	0	0	612388	0	71.71	nan	853958	0	426979	0	426979	0	463748	0	54.31	nan	498702	0	113686	0	13.31	nan	13264	0	5119	0	853958
L2	55326	0	0	0	0	0	0	0	30814	0	55.7	nan	55326	0	27663	0	27663	0	23414	0	42.32	nan	25012	0	5802	0	10.49	nan	656	0	253	0	55326
L20	155854	0	0	0	0	0	0	0	108410	0	69.56	nan	155854	0	77927	0	77927	0	82270	0	52.79	nan	88254	0	20156	0	12.93	nan	2260	0	864	0	155854
L21	216872	0	0	0	0	0	0	0	152357	0	70.25	nan	216872	0	108436	0	108436	0	115924	0	53.45	nan	123938	0	28419	0	13.1	nan	3096	0	1193	0	216872
L22	142136	0	0	0	0	0	0	0	102013	0	71.77	nan	142136	0	71068	0	71068	0	77856	0	54.78	nan	83454	0	18559	0	13.06	nan	2012	0	825	0	142136
L23	177242	0	0	0	0	0	0	0	125988	0	71.08	nan	177242	0	88621	0	88621	0	95736	0	54.01	nan	102778	0	23210	0	13.1	nan	2562	0	1004	0	177242
L24	345408	0	0	0	0	0	0	0	100903	0	29.21	nan	345408	0	172704	0	172704	0	76130	0	22.04	nan	81920	0	18983	0	5.5	nan	2270	0	884	0	345408
L25	19514	0	0	0	0	0	0	0	9360	0	47.97	nan	19514	0	9757	0	9757	0	7050	0	36.13	nan	7556	0	1804	0	9.24	nan	198	0	55	0	19514
L26	68264	0	0	0	0	0	0	0	48152	0	70.54	nan	68264	0	34132	0	34132	0	36770	0	53.86	nan	39190	0	8962	0	13.13	nan	920	0	295	0	68264
L27	133546	0	0	0	0	0	0	0	94564	0	70.81	nan	133546	0	66773	0	66773	0	72008	0	53.92	nan	77334	0	17230	0	12.9	nan	2206	0	825	0	133546
L28	235110	0	0	0	0	0	0	0	168705	0	71.76	nan	235110	0	117555	0	117555	0	128550	0	54.68	nan	137864	0	30841	0	13.12	nan	3308	0	1364	0	235110
L3	290810	0	0	0	0	0	0	0	191211	0	65.75	nan	290810	0	145405	0	145405	0	145090	0	49.89	nan	155720	0	35491	0	12.2	nan	3986	0	1573	0	290810
L4	200350	0	0	0	0	0	0	0	139486	0	69.62	nan	200350	0	100175	0	100175	0	105296	0	52.56	nan	113298	0	26188	0	13.07	nan	3112	0	1220	0	200350
L5	32934	0	0	0	0	0	0	0	21532	0	65.38	nan	32934	0	16467	0	16467	0	16070	0	48.79	nan	17298	0	4234	0	12.86	nan	462	0	199	0	32934
L6	144806	0	0	0	0	0	0	0	53436	0	36.9	nan	144806	0	72403	0	72403	0	40228	0	27.78	nan	43220	0	10216	0	7.05	nan	1184	0	401	0	144806
L7	132298	0	0	0	0	0	0	0	93329	0	70.54	nan	132298	0	66149	0	66149	0	70724	0	53.46	nan	76234	0	17095	0	12.92	nan	2228	0	901	0	132298
L8	93798	0	0	0	0	0	0	0	65225	0	69.54	nan	93798	0	46899	0	46899	0	49684	0	52.97	nan	53276	0	11949	0	12.74	nan	1356	0	546	0	93798
L9	3368	0	0	0	0	0	0	0	1950	0	57.9	nan	3368	0	1684	0	1684	0	1420	0	42.16	nan	1558	0	392	0	11.64	nan	46	0	15	0	3368
L9_rep	65178	0	0	0	0	0	0	0	45997	0	70.57	nan	65178	0	32589	0	32589	0	34844	0	53.46	nan	37470	0	8527	0	13.08	nan	982	0	414	0	65178
M1	141480	0	0	0	0	0	0	0	99839	0	70.57	nan	141480	0	70740	0	70740	0	74606	0	52.73	nan	80744	0	19095	0	13.5	nan	2226	0	1058	0	141480
M10	137926	0	0	0	0	0	0	0	53798	0	39.0	nan	137926	0	68963	0	68963	0	40374	0	29.27	nan	43758	0	10040	0	7.28	nan	1214	0	486	0	137926
M11	267668	0	0	0	0	0	0	0	189025	0	70.62	nan	267668	0	133834	0	133834	0	140594	0	52.53	nan	152344	0	36681	0	13.7	nan	4386	0	1719	0	267668
M12	278478	0	0	0	0	0	0	0	199196	0	71.53	nan	278478	0	139239	0	139239	0	148846	0	53.45	nan	160798	0	38398	0	13.79	nan	4330	0	1654	0	278478
M13	452838	0	0	0	0	0	0	0	321741	0	71.05	nan	452838	0	226419	0	226419	0	239014	0	52.78	nan	259740	0	62001	0	13.69	nan	7652	0	3224	0	452838
M14	125818	0	0	0	0	0	0	0	88322	0	70.2	nan	125818	0	62909	0	62909	0	65792	0	52.29	nan	71744	0	16578	0	13.18	nan	2352	0	1007	0	125818
M15	617522	0	0	0	0	0	0	0	109457	0	17.73	nan	617522	0	308761	0	308761	0	81404	0	13.18	nan	88394	0	21063	0	3.41	nan	2624	0	1070	0	617522
M16	188302	0	0	0	0	0	0	0	102761	0	54.57	nan	188302	0	94151	0	94151	0	76260	0	40.5	nan	82684	0	20077	0	10.66	nan	2474	0	1103	0	188302
M17	111306	0	0	0	0	0	0	0	78434	0	70.47	nan	111306	0	55653	0	55653	0	59036	0	53.04	nan	63700	0	14734	0	13.24	nan	1772	0	732	0	111306
M18	206080	0	0	0	0	0	0	0	148570	0	72.09	nan	206080	0	103040	0	103040	0	111920	0	54.31	nan	121350	0	27220	0	13.21	nan	3376	0	1415	0	206080
M19	89798	0	0	0	0	0	0	0	64285	0	71.59	nan	89798	0	44899	0	44899	0	48044	0	53.5	nan	52100	0	12185	0	13.57	nan	1512	0	591	0	89798
M2	154548	0	0	0	0	0	0	0	108252	0	70.04	nan	154548	0	77274	0	77274	0	80752	0	52.25	nan	87722	0	20530	0	13.28	nan	2598	0	1116	0	154548
M20	349148	0	0	0	0	0	0	0	239718	0	68.66	nan	349148	0	174574	0	174574	0	179182	0	51.32	nan	193386	0	46332	0	13.27	nan	5040	0	2123	0	349148
M20_rep	131558	0	0	0	0	0	0	0	90161	0	68.53	nan	131558	0	65779	0	65779	0	67476	0	51.29	nan	72678	0	17483	0	13.29	nan	2088	0	855	0	131558
M21	607678	0	0	0	0	0	0	0	427465	0	70.34	nan	607678	0	303839	0	303839	0	322750	0	53.11	nan	348342	0	79123	0	13.02	nan	9724	0	3951	0	607678
M22	335308	0	0	0	0	0	0	0	238523	0	71.14	nan	335308	0	167654	0	167654	0	181036	0	53.99	nan	194670	0	43853	0	13.08	nan	5048	0	2031	0	335308
M23	522206	0	0	0	0	0	0	0	366456	0	70.17	nan	522206	0	261103	0	261103	0	276988	0	53.04	nan	298354	0	68102	0	13.04	nan	7912	0	3250	0	522206
M24	120104	0	0	0	0	0	0	0	83597	0	69.6	nan	120104	0	60052	0	60052	0	63318	0	52.72	nan	67842	0	15755	0	13.12	nan	1640	0	609	0	120104
M25	1074968	0	0	0	0	0	0	0	763798	0	71.05	nan	1074968	0	537484	0	537484	0	576844	0	53.66	nan	621334	0	142464	0	13.25	nan	16532	0	6771	0	1074968
M26	132674	0	0	0	0	0	0	0	54625	0	41.17	nan	132674	0	66337	0	66337	0	41758	0	31.47	nan	44798	0	9827	0	7.41	nan	1072	0	445	0	132674
M3	332256	0	0	0	0	0	0	0	236021	0	71.04	nan	332256	0	166128	0	166128	0	176506	0	53.12	nan	191132	0	44889	0	13.51	nan	5350	0	2151	0	332256
M4	188118	0	0	0	0	0	0	0	134155	0	71.31	nan	188118	0	94059	0	94059	0	99726	0	53.01	nan	108358	0	25797	0	13.71	nan	3126	0	1305	0	188118
M5	947162	0	0	0	0	0	0	0	355310	0	37.51	nan	947162	0	473581	0	473581	0	263360	0	27.81	nan	286484	0	68826	0	7.27	nan	8054	0	3317	0	947162
M6	46754	0	0	0	0	0	0	0	32151	0	68.77	nan	46754	0	23377	0	23377	0	24686	0	52.8	nan	26548	0	5603	0	11.98	nan	706	0	294	0	46754
M7	145762	0	0	0	0	0	0	0	100359	0	68.85	nan	145762	0	72881	0	72881	0	75000	0	51.45	nan	81312	0	19047	0	13.07	nan	2342	0	960	0	145762
M8	188024	0	0	0	0	0	0	0	132551	0	70.5	nan	188024	0	94012	0	94012	0	98850	0	52.57	nan	107260	0	25291	0	13.45	nan	3196	0	1358	0	188024
M9	179972	0	0	0	0	0	0	0	127812	0	71.02	nan	179972	0	89986	0	89986	0	96138	0	53.42	nan	103616	0	24196	0	13.44	nan	2554	0	940	0	179972
N1	91290	0	0	0	0	0	0	0	62095	0	68.02	nan	91290	0	45645	0	45645	0	46024	0	50.42	nan	49856	0	12239	0	13.41	nan	1384	0	592	0	91290
N10	160508	0	0	0	0	0	0	0	112312	0	69.97	nan	160508	0	80254	0	80254	0	83356	0	51.93	nan	90606	0	21706	0	13.52	nan	2612	0	1112	0	160508
N11	237044	0	0	0	0	0	0	0	126236	0	53.25	nan	237044	0	118522	0	118522	0	93866	0	39.6	nan	101896	0	24340	0	10.27	nan	2880	0	1146	0	237044
N12	414122	0	0	0	0	0	0	0	293012	0	70.75	nan	414122	0	207061	0	207061	0	218252	0	52.7	nan	236526	0	56486	0	13.64	nan	6422	0	2519	0	414122
N13	174768	0	0	0	0	0	0	0	64030	0	36.64	nan	174768	0	87384	0	87384	0	47628	0	27.25	nan	51726	0	12304	0	7.04	nan	1510	0	700	0	174768
N14	166466	0	0	0	0	0	0	0	118371	0	71.11	nan	166466	0	83233	0	83233	0	88532	0	53.18	nan	95788	0	22583	0	13.57	nan	2640	0	1091	0	166466
N15	213090	0	0	0	0	0	0	0	120836	0	56.71	nan	213090	0	106545	0	106545	0	89820	0	42.15	nan	97338	0	23498	0	11.03	nan	2870	0	1184	0	213090
N16	423930	0	0	0	0	0	0	0	245504	0	57.91	nan	423930	0	211965	0	211965	0	181290	0	42.76	nan	197378	0	48126	0	11.35	nan	5938	0	2455	0	423930
N17	214864	0	0	0	0	0	0	0	153535	0	71.46	nan	214864	0	107432	0	107432	0	114524	0	53.3	nan	124266	0	29269	0	13.62	nan	3264	0	1317	0	214864
N18	187566	0	0	0	0	0	0	0	133816	0	71.34	nan	187566	0	93783	0	93783	0	100800	0	53.74	nan	108748	0	25068	0	13.36	nan	2834	0	1184	0	187566
N19	83750	0	0	0	0	0	0	0	56081	0	66.96	nan	83750	0	41875	0	41875	0	40388	0	48.22	nan	45214	0	10867	0	12.98	nan	1894	0	604	0	83750
N20	143188	0	0	0	0	0	0	0	101164	0	70.65	nan	143188	0	71594	0	71594	0	75874	0	52.99	nan	82214	0	18950	0	13.23	nan	2458	0	1043	0	143188
N21	25914	0	0	0	0	0	0	0	18320	0	70.7	nan	25914	0	12957	0	12957	0	13870	0	53.52	nan	14982	0	3338	0	12.88	nan	422	0	204	0	25914
N22	14206	0	0	0	0	0	0	0	10539	0	74.19	nan	14206	0	7103	0	7103	0	8942	0	62.95	nan	9574	0	965	0	6.79	nan	178	0	103	0	14206
N23	4734	0	0	0	0	0	0	0	3125	0	66.01	nan	4734	0	2367	0	2367	0	2354	0	49.73	nan	2512	0	613	0	12.95	nan	64	0	29	0	4734
N24	165238	0	0	0	0	0	0	0	115631	0	69.98	nan	165238	0	82619	0	82619	0	86066	0	52.09	nan	93218	0	22413	0	13.56	nan	2700	0	1080	0	165238
N25	130842	0	0	0	0	0	0	0	91451	0	69.89	nan	130842	0	65421	0	65421	0	68280	0	52.19	nan	74198	0	17253	0	13.19	nan	2054	0	831	0	130842
N26	143362	0	0	0	0	0	0	0	101671	0	70.92	nan	143362	0	71681	0	71681	0	75930	0	52.96	nan	82070	0	19601	0	13.67	nan	2286	0	913	0	143362
N27	134522	0	0	0	0	0	0	0	95278	0	70.83	nan	134522	0	67261	0	67261	0	71518	0	53.16	nan	77472	0	17806	0	13.24	nan	2160	0	939	0	134522
N28	164940	0	0	0	0	0	0	0	116309	0	70.52	nan	164940	0	82470	0	82470	0	86036	0	52.16	nan	93796	0	22513	0	13.65	nan	3092	0	1340	0	164940
N3	54838	0	0	0	0	0	0	0	37759	0	68.86	nan	54838	0	27419	0	27419	0	27984	0	51.03	nan	30346	0	7413	0	13.52	nan	862	0	402	0	54838
N4	95664	0	0	0	0	0	0	0	67027	0	70.07	nan	95664	0	47832	0	47832	0	49566	0	51.81	nan	54044	0	12983	0	13.57	nan	1660	0	680	0	95664
N5	139462	0	0	0	0	0	0	0	99868	0	71.61	nan	139462	0	69731	0	69731	0	74884	0	53.69	nan	81068	0	18800	0	13.48	nan	2280	0	915	0	139462
N6	151122	0	0	0	0	0	0	0	56466	0	37.36	nan	151122	0	75561	0	75561	0	42192	0	27.92	nan	45688	0	10778	0	7.13	nan	1368	0	540	0	151122
N7	36222	0	0	0	0	0	0	0	25216	0	69.62	nan	36222	0	18111	0	18111	0	18340	0	50.63	nan	20158	0	5058	0	13.96	nan	590	0	201	0	36222
N8	105004	0	0	0	0	0	0	0	74692	0	71.13	nan	105004	0	52502	0	52502	0	55382	0	52.74	nan	60294	0	14398	0	13.71	nan	1774	0	752	0	105004
N9	274804	0	0	0	0	0	0	0	196122	0	71.37	nan	274804	0	137402	0	137402	0	146948	0	53.47	nan	158922	0	37200	0	13.54	nan	4230	0	1878	0	274804
Q1	225398	0	0	0	0	0	0	0	161641	0	71.71	nan	225398	0	112699	0	112699	0	127638	0	56.63	nan	136068	0	25573	0	11.35	nan	2054	0	725	0	225398
Q10	3714	0	0	0	0	0	0	0	2588	0	69.68	nan	3714	0	1857	0	1857	0	2028	0	54.6	nan	2218	0	370	0	9.96	nan	60	0	16	0	3714
Q11	48638	0	0	0	0	0	0	0	35181	0	72.33	nan	48638	0	24319	0	24319	0	28046	0	57.66	nan	29908	0	5273	0	10.84	nan	414	0	126	0	48638
Q12	155446	0	0	0	0	0	0	0	109911	0	70.71	nan	155446	0	77723	0	77723	0	86900	0	55.9	nan	92744	0	17167	0	11.04	nan	1238	0	428	0	155446
Q13	71366	0	0	0	0	0	0	0	50520	0	70.79	nan	71366	0	35683	0	35683	0	39886	0	55.89	nan	42542	0	7978	0	11.18	nan	648	0	189	0	71366
Q14	210748	0	0	0	0	0	0	0	152187	0	72.21	nan	210748	0	105374	0	105374	0	119674	0	56.79	nan	127828	0	24359	0	11.56	nan	1990	0	673	0	210748
Q15	34088	0	0	0	0	0	0	0	23468	0	68.85	nan	34088	0	17044	0	17044	0	18360	0	53.86	nan	19646	0	3822	0	11.21	nan	324	0	106	0	34088
Q2	146906	0	0	0	0	0	0	0	102542	0	69.8	nan	146906	0	73453	0	73453	0	81070	0	55.18	nan	86764	0	15778	0	10.74	nan	1276	0	431	0	146906
Q3	101528	0	0	0	0	0	0	0	72645	0	71.55	nan	101528	0	50764	0	50764	0	57172	0	56.31	nan	61252	0	11393	0	11.22	nan	1052	0	376	0	101528
Q4	403826	0	0	0	0	0	0	0	286723	0	71.0	nan	403826	0	201913	0	201913	0	225482	0	55.84	nan	241454	0	45269	0	11.21	nan	3426	0	1042	0	403826
Q5	145970	0	0	0	0	0	0	0	105161	0	72.04	nan	145970	0	72985	0	72985	0	83422	0	57.15	nan	88894	0	16267	0	11.14	nan	1374	0	481	0	145970
Q6	42006	0	0	0	0	0	0	0	30057	0	71.55	nan	42006	0	21003	0	21003	0	23396	0	55.7	nan	25160	0	4897	0	11.66	nan	416	0	146	0	42006
Q7	77542	0	0	0	0	0	0	0	55530	0	71.61	nan	77542	0	38771	0	38771	0	43930	0	56.65	nan	47248	0	8282	0	10.68	nan	840	0	268	0	77542
Q8	124072	0	0	0	0	0	0	0	88560	0	71.38	nan	124072	0	62036	0	62036	0	70248	0	56.62	nan	74942	0	13618	0	10.98	nan	1030	0	336	0	124072
Q9	52326	0	0	0	0	0	0	0	37573	0	71.81	nan	52326	0	26163	0	26163	0	29758	0	56.87	nan	31852	0	5721	0	10.93	nan	472	0	180	0	52326
R1	1624	0	0	0	0	0	0	0	1012	0	62.32	nan	1624	0	812	0	812	0	736	0	45.32	nan	778	0	234	0	14.41	nan	12	0	6	0	1624
R10	135656	0	0	0	0	0	0	0	92726	0	68.35	nan	135656	0	67828	0	67828	0	71354	0	52.6	nan	76870	0	15856	0	11.69	nan	1624	0	661	0	135656
R11	29574	0	0	0	0	0	0	0	19127	0	64.68	nan	29574	0	14787	0	14787	0	14536	0	49.15	nan	15706	0	3421	0	11.57	nan	374	0	118	0	29574
R12	66098	0	0	0	0	0	0	0	45415	0	68.71	nan	66098	0	33049	0	33049	0	35052	0	53.03	nan	37748	0	7667	0	11.6	nan	728	0	241	0	66098
R13	60260	0	0	0	0	0	0	0	42828	0	71.07	nan	60260	0	30130	0	30130	0	32884	0	54.57	nan	35508	0	7320	0	12.15	nan	702	0	245	0	60260
R14	121826	0	0	0	0	0	0	0	83379	0	68.44	nan	121826	0	60913	0	60913	0	64098	0	52.61	nan	69008	0	14371	0	11.8	nan	1514	0	591	0	121826
R15	174658	0	0	0	0	0	0	0	124903	0	71.51	nan	174658	0	87329	0	87329	0	96518	0	55.26	nan	104008	0	20895	0	11.96	nan	2402	0	985	0	174658
R16	209322	0	0	0	0	0	0	0	148102	0	70.75	nan	209322	0	104661	0	104661	0	114054	0	54.49	nan	122844	0	25258	0	12.07	nan	2712	0	981	0	209322
R17	152894	0	0	0	0	0	0	0	106292	0	69.52	nan	152894	0	76447	0	76447	0	82360	0	53.87	nan	88442	0	17850	0	11.67	nan	1772	0	699	0	152894
R18	102198	0	0	0	0	0	0	0	69641	0	68.14	nan	102198	0	51099	0	51099	0	53872	0	52.71	nan	57748	0	11893	0	11.64	nan	1160	0	488	0	102198
R19	126800	0	0	0	0	0	0	0	86290	0	68.05	nan	126800	0	63400	0	63400	0	66708	0	52.61	nan	71796	0	14494	0	11.43	nan	1538	0	537	0	126800
R2	113624	0	0	0	0	0	0	0	79274	0	69.77	nan	113624	0	56812	0	56812	0	61082	0	53.76	nan	65598	0	13676	0	12.04	nan	1256	0	556	0	113624
R20	73606	0	0	0	0	0	0	0	50227	0	68.24	nan	73606	0	36803	0	36803	0	39126	0	53.16	nan	42034	0	8193	0	11.13	nan	836	0	257	0	73606
R3	201772	0	0	0	0	0	0	0	141565	0	70.16	nan	201772	0	100886	0	100886	0	108800	0	53.92	nan	117096	0	24469	0	12.13	nan	2432	0	928	0	201772
R4	2798	0	0	0	0	0	0	0	1822	0	65.12	nan	2798	0	1399	0	1399	0	1322	0	47.25	nan	1480	0	342	0	12.22	nan	46	0	12	0	2798
R5	107740	0	0	0	0	0	0	0	75774	0	70.33	nan	107740	0	53870	0	53870	0	58314	0	54.12	nan	62934	0	12840	0	11.92	nan	1310	0	509	0	107740
R6	108930	0	0	0	0	0	0	0	72056	0	66.15	nan	108930	0	54465	0	54465	0	55458	0	50.91	nan	59566	0	12490	0	11.47	nan	1274	0	519	0	108930
R7	223976	0	0	0	0	0	0	0	152931	0	68.28	nan	223976	0	111988	0	111988	0	117858	0	52.62	nan	126866	0	26065	0	11.64	nan	2676	0	978	0	223976
R8	345660	0	0	0	0	0	0	0	12556	0	3.63	nan	345660	0	172830	0	172830	0	9444	0	2.73	nan	10288	0	2268	0	0.66	nan	302	0	118	0	345660
R9	138640	0	0	0	0	0	0	0	91398	0	65.92	nan	138640	0	69320	0	69320	0	70664	0	50.97	nan	75942	0	15456	0	11.15	nan	1670	0	592	0	138640
S1	198396	0	0	0	0	0	0	0	144056	0	72.61	nan	198396	0	99198	0	99198	0	109912	0	55.4	nan	117792	0	26264	0	13.24	nan	2848	0	1216	0	198396
S10	5878	0	0	0	0	0	0	0	4219	0	71.78	nan	5878	0	2939	0	2939	0	3328	0	56.62	nan	3572	0	647	0	11.01	nan	74	0	28	0	5878
S10_rep	11966	0	0	0	0	0	0	0	4712	0	39.38	nan	11966	0	5983	0	5983	0	3630	0	30.34	nan	3886	0	826	0	6.9	nan	92	0	32	0	11966
S11	2230	0	0	0	0	0	0	0	1450	0	65.02	nan	2230	0	1115	0	1115	0	1038	0	46.55	nan	1156	0	294	0	13.18	nan	42	0	16	0	2230
S11_rep	43376	0	0	0	0	0	0	0	26547	0	61.2	nan	43376	0	21688	0	21688	0	20070	0	46.27	nan	21556	0	4991	0	11.51	nan	612	0	227	0	43376
S12	20740	0	0	0	0	0	0	0	14731	0	71.03	nan	20740	0	10370	0	10370	0	11330	0	54.63	nan	12080	0	2651	0	12.78	nan	326	0	125	0	20740
S13	49394	0	0	0	0	0	0	0	34680	0	70.21	nan	49394	0	24697	0	24697	0	26072	0	52.78	nan	28098	0	6582	0	13.33	nan	742	0	333	0	49394
S14	8074	0	0	0	0	0	0	0	5270	0	65.27	nan	8074	0	4037	0	4037	0	3964	0	49.1	nan	4236	0	1034	0	12.81	nan	126	0	51	0	8074
S15	111784	0	0	0	0	0	0	0	77657	0	69.47	nan	111784	0	55892	0	55892	0	59036	0	52.81	nan	63078	0	14579	0	13.04	nan	1488	0	562	0	111784
S16	74270	0	0	0	0	0	0	0	52395	0	70.55	nan	74270	0	37135	0	37135	0	40004	0	53.86	nan	42804	0	9591	0	12.91	nan	1110	0	483	0	74270
S17	82030	0	0	0	0	0	0	0	57303	0	69.86	nan	82030	0	41015	0	41015	0	43314	0	52.8	nan	46698	0	10605	0	12.93	nan	1350	0	634	0	82030
S18	47394	0	0	0	0	0	0	0	32235	0	68.01	nan	47394	0	23697	0	23697	0	24226	0	51.12	nan	26086	0	6149	0	12.97	nan	794	0	272	0	47394
S19	151458	0	0	0	0	0	0	0	45568	0	30.09	nan	151458	0	75729	0	75729	0	34590	0	22.84	nan	37234	0	8334	0	5.5	nan	1014	0	394	0	151458
S2	190024	0	0	0	0	0	0	0	137265	0	72.24	nan	190024	0	95012	0	95012	0	103880	0	54.67	nan	112066	0	25199	0	13.26	nan	3076	0	1301	0	190024
S20	24208	0	0	0	0	0	0	0	16842	0	69.57	nan	24208	0	12104	0	12104	0	12838	0	53.03	nan	13888	0	2954	0	12.2	nan	382	0	131	0	24208
S21	140970	0	0	0	0	0	0	0	97360	0	69.06	nan	140970	0	70485	0	70485	0	73976	0	52.48	nan	79344	0	18016	0	12.78	nan	1926	0	811	0	140970
S22	50566	0	0	0	0	0	0	0	35903	0	71.0	nan	50566	0	25283	0	25283	0	27310	0	54.01	nan	29292	0	6611	0	13.07	nan	670	0	265	0	50566
S23	65870	0	0	0	0	0	0	0	47361	0	71.9	nan	65870	0	32935	0	32935	0	35754	0	54.28	nan	38646	0	8715	0	13.23	nan	1140	0	525	0	65870
S24	199166	0	0	0	0	0	0	0	142629	0	71.61	nan	199166	0	99583	0	99583	0	108318	0	54.39	nan	116374	0	26255	0	13.18	nan	3036	0	1263	0	199166
S3	41706	0	0	0	0	0	0	0	29420	0	70.54	nan	41706	0	20853	0	20853	0	22186	0	53.2	nan	23834	0	5586	0	13.39	nan	736	0	286	0	41706
S4	136926	0	0	0	0	0	0	0	97488	0	71.2	nan	136926	0	68463	0	68463	0	73834	0	53.92	nan	79370	0	18118	0	13.23	nan	2284	0	985	0	136926
S5	1932	0	0	0	0	0	0	0	1177	0	60.92	nan	1932	0	966	0	966	0	900	0	46.58	nan	968	0	209	0	10.82	nan	36	0	15	0	1932
S6	101878	0	0	0	0	0	0	0	71059	0	69.75	nan	101878	0	50939	0	50939	0	53452	0	52.47	nan	57410	0	13649	0	13.4	nan	1560	0	667	0	101878
S7	68134	0	0	0	0	0	0	0	48964	0	71.86	nan	68134	0	34067	0	34067	0	36104	0	52.99	nan	39984	0	8980	0	13.18	nan	1526	0	402	0	68134
S8	90056	0	0	0	0	0	0	0	64433	0	71.55	nan	90056	0	45028	0	45028	0	48954	0	54.36	nan	52704	0	11729	0	13.02	nan	1446	0	714	0	90056
S9	36260	0	0	0	0	0	0	0	26072	0	71.9	nan	36260	0	18130	0	18130	0	19854	0	54.75	nan	21408	0	4664	0	12.86	nan	614	0	283	0	36260
